tickIdx,liquidityNet,timestamp,current_tick,pool_id,cumulative_liquidity
-887220,202715544686973610457067,1738137602,-193376,0x11950d141ecb863f01007add7d1a342041227b58,202715544686973610457067
-375000,0,1738137602,-193376,0x11950d141ecb863f01007add7d1a342041227b58,202715544686973610457067
-359940,0,1738137602,-193376,0x11950d141ecb863f01007add7d1a342041227b58,202715544686973610457067
-359340,0,1738137602,-193376,0x11950d141ecb863f01007add7d1a342041227b58,202715544686973610457067
-348900,0,1738137602,-193376,0x11950d141ecb863f01007add7d1a342041227b58,202715544686973610457067
-301980,0,1738137602,-193376,0x11950d141ecb863f01007add7d1a342041227b58,202715544686973610457067
-278760,9235114715599991229359,1738137602,-193376,0x11950d141ecb863f01007add7d1a342041227b58,211950659402573601686426
-266760,0,1738137602,-193376,0x11950d141ecb863f01007add7d1a342041227b58,211950659402573601686426
-256920,0,1738137602,-193376,0x11950d141ecb863f01007add7d1a342041227b58,211950659402573601686426
-254220,0,1738137602,-193376,0x11950d141ecb863f01007add7d1a342041227b58,211950659402573601686426
-250200,0,1738137602,-193376,0x11950d141ecb863f01007add7d1a342041227b58,211950659402573601686426
-248940,0,1738137602,-193376,0x11950d141ecb863f01007add7d1a342041227b58,211950659402573601686426
-246480,0,1738137602,-193376,0x11950d141ecb863f01007add7d1a342041227b58,211950659402573601686426
-246420,0,1738137602,-193376,0x11950d141ecb863f01007add7d1a342041227b58,211950659402573601686426
-244200,0,1738137602,-193376,0x11950d141ecb863f01007add7d1a342041227b58,211950659402573601686426
-240480,0,1738137602,-193376,0x11950d141ecb863f01007add7d1a342041227b58,211950659402573601686426
-239880,0,1738137602,-193376,0x11950d141ecb863f01007add7d1a342041227b58,211950659402573601686426
-239040,0,1738137602,-193376,0x11950d141ecb863f01007add7d1a342041227b58,211950659402573601686426
-238200,0,1738137602,-193376,0x11950d141ecb863f01007add7d1a342041227b58,211950659402573601686426
-237720,0,1738137602,-193376,0x11950d141ecb863f01007add7d1a342041227b58,211950659402573601686426
-237240,0,1738137602,-193376,0x11950d141ecb863f01007add7d1a342041227b58,211950659402573601686426
-237180,0,1738137602,-193376,0x11950d141ecb863f01007add7d1a342041227b58,211950659402573601686426
-237060,9774809955922891407380,1738137602,-193376,0x11950d141ecb863f01007add7d1a342041227b58,221725469358496493093806
-236640,0,1738137602,-193376,0x11950d141ecb863f01007add7d1a342041227b58,221725469358496493093806
-235380,0,1738137602,-193376,0x11950d141ecb863f01007add7d1a342041227b58,221725469358496493093806
-235260,0,1738137602,-193376,0x11950d141ecb863f01007add7d1a342041227b58,221725469358496493093806
-235080,0,1738137602,-193376,0x11950d141ecb863f01007add7d1a342041227b58,221725469358496493093806
-235020,0,1738137602,-193376,0x11950d141ecb863f01007add7d1a342041227b58,221725469358496493093806
-234780,0,1738137602,-193376,0x11950d141ecb863f01007add7d1a342041227b58,221725469358496493093806
-234540,0,1738137602,-193376,0x11950d141ecb863f01007add7d1a342041227b58,221725469358496493093806
-234480,0,1738137602,-193376,0x11950d141ecb863f01007add7d1a342041227b58,221725469358496493093806
-234180,0,1738137602,-193376,0x11950d141ecb863f01007add7d1a342041227b58,221725469358496493093806
-233760,0,1738137602,-193376,0x11950d141ecb863f01007add7d1a342041227b58,221725469358496493093806
-233580,0,1738137602,-193376,0x11950d141ecb863f01007add7d1a342041227b58,221725469358496493093806
-233340,0,1738137602,-193376,0x11950d141ecb863f01007add7d1a342041227b58,221725469358496493093806
-233280,0,1738137602,-193376,0x11950d141ecb863f01007add7d1a342041227b58,221725469358496493093806
-232920,0,1738137602,-193376,0x11950d141ecb863f01007add7d1a342041227b58,221725469358496493093806
-232740,0,1738137602,-193376,0x11950d141ecb863f01007add7d1a342041227b58,221725469358496493093806
-232560,0,1738137602,-193376,0x11950d141ecb863f01007add7d1a342041227b58,221725469358496493093806
-232500,0,1738137602,-193376,0x11950d141ecb863f01007add7d1a342041227b58,221725469358496493093806
-232440,0,1738137602,-193376,0x11950d141ecb863f01007add7d1a342041227b58,221725469358496493093806
-232260,0,1738137602,-193376,0x11950d141ecb863f01007add7d1a342041227b58,221725469358496493093806
-232080,0,1738137602,-193376,0x11950d141ecb863f01007add7d1a342041227b58,221725469358496493093806
-231600,0,1738137602,-193376,0x11950d141ecb863f01007add7d1a342041227b58,221725469358496493093806
-231480,0,1738137602,-193376,0x11950d141ecb863f01007add7d1a342041227b58,221725469358496493093806
-231360,0,1738137602,-193376,0x11950d141ecb863f01007add7d1a342041227b58,221725469358496493093806
-231240,0,1738137602,-193376,0x11950d141ecb863f01007add7d1a342041227b58,221725469358496493093806
-231180,0,1738137602,-193376,0x11950d141ecb863f01007add7d1a342041227b58,221725469358496493093806
-231120,0,1738137602,-193376,0x11950d141ecb863f01007add7d1a342041227b58,221725469358496493093806
-231000,0,1738137602,-193376,0x11950d141ecb863f01007add7d1a342041227b58,221725469358496493093806
-230940,0,1738137602,-193376,0x11950d141ecb863f01007add7d1a342041227b58,221725469358496493093806
-230880,0,1738137602,-193376,0x11950d141ecb863f01007add7d1a342041227b58,221725469358496493093806
-230760,0,1738137602,-193376,0x11950d141ecb863f01007add7d1a342041227b58,221725469358496493093806
-230640,0,1738137602,-193376,0x11950d141ecb863f01007add7d1a342041227b58,221725469358496493093806
-230520,0,1738137602,-193376,0x11950d141ecb863f01007add7d1a342041227b58,221725469358496493093806
-230400,0,1738137602,-193376,0x11950d141ecb863f01007add7d1a342041227b58,221725469358496493093806
-230340,0,1738137602,-193376,0x11950d141ecb863f01007add7d1a342041227b58,221725469358496493093806
-230280,0,1738137602,-193376,0x11950d141ecb863f01007add7d1a342041227b58,221725469358496493093806
-230220,0,1738137602,-193376,0x11950d141ecb863f01007add7d1a342041227b58,221725469358496493093806
-230100,0,1738137602,-193376,0x11950d141ecb863f01007add7d1a342041227b58,221725469358496493093806
-230040,0,1738137602,-193376,0x11950d141ecb863f01007add7d1a342041227b58,221725469358496493093806
-229980,0,1738137602,-193376,0x11950d141ecb863f01007add7d1a342041227b58,221725469358496493093806
-229920,0,1738137602,-193376,0x11950d141ecb863f01007add7d1a342041227b58,221725469358496493093806
-229860,0,1738137602,-193376,0x11950d141ecb863f01007add7d1a342041227b58,221725469358496493093806
-229800,0,1738137602,-193376,0x11950d141ecb863f01007add7d1a342041227b58,221725469358496493093806
-229740,0,1738137602,-193376,0x11950d141ecb863f01007add7d1a342041227b58,221725469358496493093806
-229680,0,1738137602,-193376,0x11950d141ecb863f01007add7d1a342041227b58,221725469358496493093806
-229620,0,1738137602,-193376,0x11950d141ecb863f01007add7d1a342041227b58,221725469358496493093806
-229560,0,1738137602,-193376,0x11950d141ecb863f01007add7d1a342041227b58,221725469358496493093806
-229500,0,1738137602,-193376,0x11950d141ecb863f01007add7d1a342041227b58,221725469358496493093806
-229380,0,1738137602,-193376,0x11950d141ecb863f01007add7d1a342041227b58,221725469358496493093806
-229320,0,1738137602,-193376,0x11950d141ecb863f01007add7d1a342041227b58,221725469358496493093806
-229260,0,1738137602,-193376,0x11950d141ecb863f01007add7d1a342041227b58,221725469358496493093806
-229200,0,1738137602,-193376,0x11950d141ecb863f01007add7d1a342041227b58,221725469358496493093806
-229140,0,1738137602,-193376,0x11950d141ecb863f01007add7d1a342041227b58,221725469358496493093806
-229080,0,1738137602,-193376,0x11950d141ecb863f01007add7d1a342041227b58,221725469358496493093806
-229020,0,1738137602,-193376,0x11950d141ecb863f01007add7d1a342041227b58,221725469358496493093806
-228960,0,1738137602,-193376,0x11950d141ecb863f01007add7d1a342041227b58,221725469358496493093806
-228900,0,1738137602,-193376,0x11950d141ecb863f01007add7d1a342041227b58,221725469358496493093806
-228840,0,1738137602,-193376,0x11950d141ecb863f01007add7d1a342041227b58,221725469358496493093806
-228780,0,1738137602,-193376,0x11950d141ecb863f01007add7d1a342041227b58,221725469358496493093806
-228720,0,1738137602,-193376,0x11950d141ecb863f01007add7d1a342041227b58,221725469358496493093806
-228660,0,1738137602,-193376,0x11950d141ecb863f01007add7d1a342041227b58,221725469358496493093806
-228600,0,1738137602,-193376,0x11950d141ecb863f01007add7d1a342041227b58,221725469358496493093806
-228480,0,1738137602,-193376,0x11950d141ecb863f01007add7d1a342041227b58,221725469358496493093806
-228420,0,1738137602,-193376,0x11950d141ecb863f01007add7d1a342041227b58,221725469358496493093806
-228360,0,1738137602,-193376,0x11950d141ecb863f01007add7d1a342041227b58,221725469358496493093806
-228300,0,1738137602,-193376,0x11950d141ecb863f01007add7d1a342041227b58,221725469358496493093806
-228180,0,1738137602,-193376,0x11950d141ecb863f01007add7d1a342041227b58,221725469358496493093806
-228120,0,1738137602,-193376,0x11950d141ecb863f01007add7d1a342041227b58,221725469358496493093806
-228060,0,1738137602,-193376,0x11950d141ecb863f01007add7d1a342041227b58,221725469358496493093806
-228000,0,1738137602,-193376,0x11950d141ecb863f01007add7d1a342041227b58,221725469358496493093806
-227940,0,1738137602,-193376,0x11950d141ecb863f01007add7d1a342041227b58,221725469358496493093806
-227820,0,1738137602,-193376,0x11950d141ecb863f01007add7d1a342041227b58,221725469358496493093806
-227760,0,1738137602,-193376,0x11950d141ecb863f01007add7d1a342041227b58,221725469358496493093806
-227700,0,1738137602,-193376,0x11950d141ecb863f01007add7d1a342041227b58,221725469358496493093806
-227640,0,1738137602,-193376,0x11950d141ecb863f01007add7d1a342041227b58,221725469358496493093806
-227580,0,1738137602,-193376,0x11950d141ecb863f01007add7d1a342041227b58,221725469358496493093806
-227520,0,1738137602,-193376,0x11950d141ecb863f01007add7d1a342041227b58,221725469358496493093806
-227400,0,1738137602,-193376,0x11950d141ecb863f01007add7d1a342041227b58,221725469358496493093806
-227340,0,1738137602,-193376,0x11950d141ecb863f01007add7d1a342041227b58,221725469358496493093806
-227280,0,1738137602,-193376,0x11950d141ecb863f01007add7d1a342041227b58,221725469358496493093806
-227220,0,1738137602,-193376,0x11950d141ecb863f01007add7d1a342041227b58,221725469358496493093806
-227160,0,1738137602,-193376,0x11950d141ecb863f01007add7d1a342041227b58,221725469358496493093806
-227100,0,1738137602,-193376,0x11950d141ecb863f01007add7d1a342041227b58,221725469358496493093806
-227040,0,1738137602,-193376,0x11950d141ecb863f01007add7d1a342041227b58,221725469358496493093806
-226980,0,1738137602,-193376,0x11950d141ecb863f01007add7d1a342041227b58,221725469358496493093806
-226920,0,1738137602,-193376,0x11950d141ecb863f01007add7d1a342041227b58,221725469358496493093806
-226860,0,1738137602,-193376,0x11950d141ecb863f01007add7d1a342041227b58,221725469358496493093806
-226800,0,1738137602,-193376,0x11950d141ecb863f01007add7d1a342041227b58,221725469358496493093806
-226740,0,1738137602,-193376,0x11950d141ecb863f01007add7d1a342041227b58,221725469358496493093806
-226680,0,1738137602,-193376,0x11950d141ecb863f01007add7d1a342041227b58,221725469358496493093806
-226620,0,1738137602,-193376,0x11950d141ecb863f01007add7d1a342041227b58,221725469358496493093806
-226500,0,1738137602,-193376,0x11950d141ecb863f01007add7d1a342041227b58,221725469358496493093806
-226440,0,1738137602,-193376,0x11950d141ecb863f01007add7d1a342041227b58,221725469358496493093806
-226380,0,1738137602,-193376,0x11950d141ecb863f01007add7d1a342041227b58,221725469358496493093806
-226320,0,1738137602,-193376,0x11950d141ecb863f01007add7d1a342041227b58,221725469358496493093806
-226260,0,1738137602,-193376,0x11950d141ecb863f01007add7d1a342041227b58,221725469358496493093806
-226200,0,1738137602,-193376,0x11950d141ecb863f01007add7d1a342041227b58,221725469358496493093806
-226140,0,1738137602,-193376,0x11950d141ecb863f01007add7d1a342041227b58,221725469358496493093806
-226080,0,1738137602,-193376,0x11950d141ecb863f01007add7d1a342041227b58,221725469358496493093806
-226020,0,1738137602,-193376,0x11950d141ecb863f01007add7d1a342041227b58,221725469358496493093806
-225900,0,1738137602,-193376,0x11950d141ecb863f01007add7d1a342041227b58,221725469358496493093806
-225840,0,1738137602,-193376,0x11950d141ecb863f01007add7d1a342041227b58,221725469358496493093806
-225780,0,1738137602,-193376,0x11950d141ecb863f01007add7d1a342041227b58,221725469358496493093806
-225720,665766869968226401633,1738137602,-193376,0x11950d141ecb863f01007add7d1a342041227b58,222391236228464719495439
-225600,0,1738137602,-193376,0x11950d141ecb863f01007add7d1a342041227b58,222391236228464719495439
-225540,0,1738137602,-193376,0x11950d141ecb863f01007add7d1a342041227b58,222391236228464719495439
-225480,0,1738137602,-193376,0x11950d141ecb863f01007add7d1a342041227b58,222391236228464719495439
-225420,0,1738137602,-193376,0x11950d141ecb863f01007add7d1a342041227b58,222391236228464719495439
-225360,0,1738137602,-193376,0x11950d141ecb863f01007add7d1a342041227b58,222391236228464719495439
-225300,715927214815753646,1738137602,-193376,0x11950d141ecb863f01007add7d1a342041227b58,222391952155679535249085
-225240,0,1738137602,-193376,0x11950d141ecb863f01007add7d1a342041227b58,222391952155679535249085
-225180,0,1738137602,-193376,0x11950d141ecb863f01007add7d1a342041227b58,222391952155679535249085
-225120,0,1738137602,-193376,0x11950d141ecb863f01007add7d1a342041227b58,222391952155679535249085
-225060,0,1738137602,-193376,0x11950d141ecb863f01007add7d1a342041227b58,222391952155679535249085
-225000,0,1738137602,-193376,0x11950d141ecb863f01007add7d1a342041227b58,222391952155679535249085
-224940,0,1738137602,-193376,0x11950d141ecb863f01007add7d1a342041227b58,222391952155679535249085
-224880,0,1738137602,-193376,0x11950d141ecb863f01007add7d1a342041227b58,222391952155679535249085
-224820,0,1738137602,-193376,0x11950d141ecb863f01007add7d1a342041227b58,222391952155679535249085
-224760,0,1738137602,-193376,0x11950d141ecb863f01007add7d1a342041227b58,222391952155679535249085
-224700,0,1738137602,-193376,0x11950d141ecb863f01007add7d1a342041227b58,222391952155679535249085
-224640,0,1738137602,-193376,0x11950d141ecb863f01007add7d1a342041227b58,222391952155679535249085
-224580,0,1738137602,-193376,0x11950d141ecb863f01007add7d1a342041227b58,222391952155679535249085
-224520,0,1738137602,-193376,0x11950d141ecb863f01007add7d1a342041227b58,222391952155679535249085
-224460,0,1738137602,-193376,0x11950d141ecb863f01007add7d1a342041227b58,222391952155679535249085
-224400,0,1738137602,-193376,0x11950d141ecb863f01007add7d1a342041227b58,222391952155679535249085
-224340,0,1738137602,-193376,0x11950d141ecb863f01007add7d1a342041227b58,222391952155679535249085
-224280,0,1738137602,-193376,0x11950d141ecb863f01007add7d1a342041227b58,222391952155679535249085
-224220,0,1738137602,-193376,0x11950d141ecb863f01007add7d1a342041227b58,222391952155679535249085
-224160,0,1738137602,-193376,0x11950d141ecb863f01007add7d1a342041227b58,222391952155679535249085
-224100,0,1738137602,-193376,0x11950d141ecb863f01007add7d1a342041227b58,222391952155679535249085
-224040,0,1738137602,-193376,0x11950d141ecb863f01007add7d1a342041227b58,222391952155679535249085
-223860,0,1738137602,-193376,0x11950d141ecb863f01007add7d1a342041227b58,222391952155679535249085
-223800,0,1738137602,-193376,0x11950d141ecb863f01007add7d1a342041227b58,222391952155679535249085
-223740,0,1738137602,-193376,0x11950d141ecb863f01007add7d1a342041227b58,222391952155679535249085
-223680,0,1738137602,-193376,0x11950d141ecb863f01007add7d1a342041227b58,222391952155679535249085
-223620,0,1738137602,-193376,0x11950d141ecb863f01007add7d1a342041227b58,222391952155679535249085
-223560,0,1738137602,-193376,0x11950d141ecb863f01007add7d1a342041227b58,222391952155679535249085
-223500,0,1738137602,-193376,0x11950d141ecb863f01007add7d1a342041227b58,222391952155679535249085
-223440,0,1738137602,-193376,0x11950d141ecb863f01007add7d1a342041227b58,222391952155679535249085
-223380,0,1738137602,-193376,0x11950d141ecb863f01007add7d1a342041227b58,222391952155679535249085
-223320,0,1738137602,-193376,0x11950d141ecb863f01007add7d1a342041227b58,222391952155679535249085
-223260,0,1738137602,-193376,0x11950d141ecb863f01007add7d1a342041227b58,222391952155679535249085
-223200,0,1738137602,-193376,0x11950d141ecb863f01007add7d1a342041227b58,222391952155679535249085
-223140,0,1738137602,-193376,0x11950d141ecb863f01007add7d1a342041227b58,222391952155679535249085
-223080,0,1738137602,-193376,0x11950d141ecb863f01007add7d1a342041227b58,222391952155679535249085
-223020,0,1738137602,-193376,0x11950d141ecb863f01007add7d1a342041227b58,222391952155679535249085
-222960,0,1738137602,-193376,0x11950d141ecb863f01007add7d1a342041227b58,222391952155679535249085
-222900,0,1738137602,-193376,0x11950d141ecb863f01007add7d1a342041227b58,222391952155679535249085
-222840,0,1738137602,-193376,0x11950d141ecb863f01007add7d1a342041227b58,222391952155679535249085
-222780,0,1738137602,-193376,0x11950d141ecb863f01007add7d1a342041227b58,222391952155679535249085
-222720,0,1738137602,-193376,0x11950d141ecb863f01007add7d1a342041227b58,222391952155679535249085
-222660,0,1738137602,-193376,0x11950d141ecb863f01007add7d1a342041227b58,222391952155679535249085
-222600,0,1738137602,-193376,0x11950d141ecb863f01007add7d1a342041227b58,222391952155679535249085
-222540,0,1738137602,-193376,0x11950d141ecb863f01007add7d1a342041227b58,222391952155679535249085
-222480,0,1738137602,-193376,0x11950d141ecb863f01007add7d1a342041227b58,222391952155679535249085
-222420,0,1738137602,-193376,0x11950d141ecb863f01007add7d1a342041227b58,222391952155679535249085
-222360,8030512241531953177790,1738137602,-193376,0x11950d141ecb863f01007add7d1a342041227b58,230422464397211488426875
-222300,0,1738137602,-193376,0x11950d141ecb863f01007add7d1a342041227b58,230422464397211488426875
-222240,0,1738137602,-193376,0x11950d141ecb863f01007add7d1a342041227b58,230422464397211488426875
-222180,1650475060670360672308,1738137602,-193376,0x11950d141ecb863f01007add7d1a342041227b58,232072939457881849099183
-222120,0,1738137602,-193376,0x11950d141ecb863f01007add7d1a342041227b58,232072939457881849099183
-222060,0,1738137602,-193376,0x11950d141ecb863f01007add7d1a342041227b58,232072939457881849099183
-222000,0,1738137602,-193376,0x11950d141ecb863f01007add7d1a342041227b58,232072939457881849099183
-221940,0,1738137602,-193376,0x11950d141ecb863f01007add7d1a342041227b58,232072939457881849099183
-221880,0,1738137602,-193376,0x11950d141ecb863f01007add7d1a342041227b58,232072939457881849099183
-221820,0,1738137602,-193376,0x11950d141ecb863f01007add7d1a342041227b58,232072939457881849099183
-221760,0,1738137602,-193376,0x11950d141ecb863f01007add7d1a342041227b58,232072939457881849099183
-221700,0,1738137602,-193376,0x11950d141ecb863f01007add7d1a342041227b58,232072939457881849099183
-221640,0,1738137602,-193376,0x11950d141ecb863f01007add7d1a342041227b58,232072939457881849099183
-221580,0,1738137602,-193376,0x11950d141ecb863f01007add7d1a342041227b58,232072939457881849099183
-221520,0,1738137602,-193376,0x11950d141ecb863f01007add7d1a342041227b58,232072939457881849099183
-221460,0,1738137602,-193376,0x11950d141ecb863f01007add7d1a342041227b58,232072939457881849099183
-221400,0,1738137602,-193376,0x11950d141ecb863f01007add7d1a342041227b58,232072939457881849099183
-221340,0,1738137602,-193376,0x11950d141ecb863f01007add7d1a342041227b58,232072939457881849099183
-221280,0,1738137602,-193376,0x11950d141ecb863f01007add7d1a342041227b58,232072939457881849099183
-221220,0,1738137602,-193376,0x11950d141ecb863f01007add7d1a342041227b58,232072939457881849099183
-221160,0,1738137602,-193376,0x11950d141ecb863f01007add7d1a342041227b58,232072939457881849099183
-221100,0,1738137602,-193376,0x11950d141ecb863f01007add7d1a342041227b58,232072939457881849099183
-221040,0,1738137602,-193376,0x11950d141ecb863f01007add7d1a342041227b58,232072939457881849099183
-220980,0,1738137602,-193376,0x11950d141ecb863f01007add7d1a342041227b58,232072939457881849099183
-220920,6931073647842786593033,1738137602,-193376,0x11950d141ecb863f01007add7d1a342041227b58,239004013105724635692216
-220860,0,1738137602,-193376,0x11950d141ecb863f01007add7d1a342041227b58,239004013105724635692216
-220800,0,1738137602,-193376,0x11950d141ecb863f01007add7d1a342041227b58,239004013105724635692216
-220740,-6931073647842786593033,1738137602,-193376,0x11950d141ecb863f01007add7d1a342041227b58,232072939457881849099183
-220680,0,1738137602,-193376,0x11950d141ecb863f01007add7d1a342041227b58,232072939457881849099183
-220620,0,1738137602,-193376,0x11950d141ecb863f01007add7d1a342041227b58,232072939457881849099183
-220560,1118625434002766999087,1738137602,-193376,0x11950d141ecb863f01007add7d1a342041227b58,233191564891884616098270
-220500,42146211007650608198,1738137602,-193376,0x11950d141ecb863f01007add7d1a342041227b58,233233711102892266706468
-220440,0,1738137602,-193376,0x11950d141ecb863f01007add7d1a342041227b58,233233711102892266706468
-220380,0,1738137602,-193376,0x11950d141ecb863f01007add7d1a342041227b58,233233711102892266706468
-220320,0,1738137602,-193376,0x11950d141ecb863f01007add7d1a342041227b58,233233711102892266706468
-220260,0,1738137602,-193376,0x11950d141ecb863f01007add7d1a342041227b58,233233711102892266706468
-220200,0,1738137602,-193376,0x11950d141ecb863f01007add7d1a342041227b58,233233711102892266706468
-220140,0,1738137602,-193376,0x11950d141ecb863f01007add7d1a342041227b58,233233711102892266706468
-220080,0,1738137602,-193376,0x11950d141ecb863f01007add7d1a342041227b58,233233711102892266706468
-220020,0,1738137602,-193376,0x11950d141ecb863f01007add7d1a342041227b58,233233711102892266706468
-219960,0,1738137602,-193376,0x11950d141ecb863f01007add7d1a342041227b58,233233711102892266706468
-219900,0,1738137602,-193376,0x11950d141ecb863f01007add7d1a342041227b58,233233711102892266706468
-219840,0,1738137602,-193376,0x11950d141ecb863f01007add7d1a342041227b58,233233711102892266706468
-219780,0,1738137602,-193376,0x11950d141ecb863f01007add7d1a342041227b58,233233711102892266706468
-219720,0,1738137602,-193376,0x11950d141ecb863f01007add7d1a342041227b58,233233711102892266706468
-219660,0,1738137602,-193376,0x11950d141ecb863f01007add7d1a342041227b58,233233711102892266706468
-219600,0,1738137602,-193376,0x11950d141ecb863f01007add7d1a342041227b58,233233711102892266706468
-219540,0,1738137602,-193376,0x11950d141ecb863f01007add7d1a342041227b58,233233711102892266706468
-219480,0,1738137602,-193376,0x11950d141ecb863f01007add7d1a342041227b58,233233711102892266706468
-219420,0,1738137602,-193376,0x11950d141ecb863f01007add7d1a342041227b58,233233711102892266706468
-219360,0,1738137602,-193376,0x11950d141ecb863f01007add7d1a342041227b58,233233711102892266706468
-219300,0,1738137602,-193376,0x11950d141ecb863f01007add7d1a342041227b58,233233711102892266706468
-219240,0,1738137602,-193376,0x11950d141ecb863f01007add7d1a342041227b58,233233711102892266706468
-219180,0,1738137602,-193376,0x11950d141ecb863f01007add7d1a342041227b58,233233711102892266706468
-219120,0,1738137602,-193376,0x11950d141ecb863f01007add7d1a342041227b58,233233711102892266706468
-219060,0,1738137602,-193376,0x11950d141ecb863f01007add7d1a342041227b58,233233711102892266706468
-219000,0,1738137602,-193376,0x11950d141ecb863f01007add7d1a342041227b58,233233711102892266706468
-218940,0,1738137602,-193376,0x11950d141ecb863f01007add7d1a342041227b58,233233711102892266706468
-218880,0,1738137602,-193376,0x11950d141ecb863f01007add7d1a342041227b58,233233711102892266706468
-218820,0,1738137602,-193376,0x11950d141ecb863f01007add7d1a342041227b58,233233711102892266706468
-218760,0,1738137602,-193376,0x11950d141ecb863f01007add7d1a342041227b58,233233711102892266706468
-218700,0,1738137602,-193376,0x11950d141ecb863f01007add7d1a342041227b58,233233711102892266706468
-218640,0,1738137602,-193376,0x11950d141ecb863f01007add7d1a342041227b58,233233711102892266706468
-218580,0,1738137602,-193376,0x11950d141ecb863f01007add7d1a342041227b58,233233711102892266706468
-218520,0,1738137602,-193376,0x11950d141ecb863f01007add7d1a342041227b58,233233711102892266706468
-218460,0,1738137602,-193376,0x11950d141ecb863f01007add7d1a342041227b58,233233711102892266706468
-218400,0,1738137602,-193376,0x11950d141ecb863f01007add7d1a342041227b58,233233711102892266706468
-218340,0,1738137602,-193376,0x11950d141ecb863f01007add7d1a342041227b58,233233711102892266706468
-218280,0,1738137602,-193376,0x11950d141ecb863f01007add7d1a342041227b58,233233711102892266706468
-218220,46011254630247464373101,1738137602,-193376,0x11950d141ecb863f01007add7d1a342041227b58,279244965733139731079569
-218160,0,1738137602,-193376,0x11950d141ecb863f01007add7d1a342041227b58,279244965733139731079569
-218100,0,1738137602,-193376,0x11950d141ecb863f01007add7d1a342041227b58,279244965733139731079569
-218040,0,1738137602,-193376,0x11950d141ecb863f01007add7d1a342041227b58,279244965733139731079569
-217980,0,1738137602,-193376,0x11950d141ecb863f01007add7d1a342041227b58,279244965733139731079569
-217920,0,1738137602,-193376,0x11950d141ecb863f01007add7d1a342041227b58,279244965733139731079569
-217860,0,1738137602,-193376,0x11950d141ecb863f01007add7d1a342041227b58,279244965733139731079569
-217800,0,1738137602,-193376,0x11950d141ecb863f01007add7d1a342041227b58,279244965733139731079569
-217740,0,1738137602,-193376,0x11950d141ecb863f01007add7d1a342041227b58,279244965733139731079569
-217680,0,1738137602,-193376,0x11950d141ecb863f01007add7d1a342041227b58,279244965733139731079569
-217620,0,1738137602,-193376,0x11950d141ecb863f01007add7d1a342041227b58,279244965733139731079569
-217560,0,1738137602,-193376,0x11950d141ecb863f01007add7d1a342041227b58,279244965733139731079569
-217500,0,1738137602,-193376,0x11950d141ecb863f01007add7d1a342041227b58,279244965733139731079569
-217440,0,1738137602,-193376,0x11950d141ecb863f01007add7d1a342041227b58,279244965733139731079569
-217380,0,1738137602,-193376,0x11950d141ecb863f01007add7d1a342041227b58,279244965733139731079569
-217320,0,1738137602,-193376,0x11950d141ecb863f01007add7d1a342041227b58,279244965733139731079569
-217260,30707813396100706836152,1738137602,-193376,0x11950d141ecb863f01007add7d1a342041227b58,309952779129240437915721
-217200,0,1738137602,-193376,0x11950d141ecb863f01007add7d1a342041227b58,309952779129240437915721
-217140,0,1738137602,-193376,0x11950d141ecb863f01007add7d1a342041227b58,309952779129240437915721
-217080,0,1738137602,-193376,0x11950d141ecb863f01007add7d1a342041227b58,309952779129240437915721
-217020,0,1738137602,-193376,0x11950d141ecb863f01007add7d1a342041227b58,309952779129240437915721
-216960,0,1738137602,-193376,0x11950d141ecb863f01007add7d1a342041227b58,309952779129240437915721
-216900,1152921504606846976,1738137602,-193376,0x11950d141ecb863f01007add7d1a342041227b58,309953932050745044762697
-216840,-1152921504606846976,1738137602,-193376,0x11950d141ecb863f01007add7d1a342041227b58,309952779129240437915721
-216780,0,1738137602,-193376,0x11950d141ecb863f01007add7d1a342041227b58,309952779129240437915721
-216720,0,1738137602,-193376,0x11950d141ecb863f01007add7d1a342041227b58,309952779129240437915721
-216660,0,1738137602,-193376,0x11950d141ecb863f01007add7d1a342041227b58,309952779129240437915721
-216600,0,1738137602,-193376,0x11950d141ecb863f01007add7d1a342041227b58,309952779129240437915721
-216540,0,1738137602,-193376,0x11950d141ecb863f01007add7d1a342041227b58,309952779129240437915721
-216480,1152921504606846976,1738137602,-193376,0x11950d141ecb863f01007add7d1a342041227b58,309953932050745044762697
-216420,-1152921504606846976,1738137602,-193376,0x11950d141ecb863f01007add7d1a342041227b58,309952779129240437915721
-216360,0,1738137602,-193376,0x11950d141ecb863f01007add7d1a342041227b58,309952779129240437915721
-216300,12020797122418133675,1738137602,-193376,0x11950d141ecb863f01007add7d1a342041227b58,309964799926362856049396
-216240,0,1738137602,-193376,0x11950d141ecb863f01007add7d1a342041227b58,309964799926362856049396
-216180,0,1738137602,-193376,0x11950d141ecb863f01007add7d1a342041227b58,309964799926362856049396
-216120,0,1738137602,-193376,0x11950d141ecb863f01007add7d1a342041227b58,309964799926362856049396
-216060,0,1738137602,-193376,0x11950d141ecb863f01007add7d1a342041227b58,309964799926362856049396
-216000,8252323899599658942464,1738137602,-193376,0x11950d141ecb863f01007add7d1a342041227b58,318217123825962514991860
-215940,-1152921504606846976,1738137602,-193376,0x11950d141ecb863f01007add7d1a342041227b58,318215970904457908144884
-215880,-6852321881175643420279,1738137602,-193376,0x11950d141ecb863f01007add7d1a342041227b58,311363649023282264724605
-215820,0,1738137602,-193376,0x11950d141ecb863f01007add7d1a342041227b58,311363649023282264724605
-215760,0,1738137602,-193376,0x11950d141ecb863f01007add7d1a342041227b58,311363649023282264724605
-215700,0,1738137602,-193376,0x11950d141ecb863f01007add7d1a342041227b58,311363649023282264724605
-215640,0,1738137602,-193376,0x11950d141ecb863f01007add7d1a342041227b58,311363649023282264724605
-215580,0,1738137602,-193376,0x11950d141ecb863f01007add7d1a342041227b58,311363649023282264724605
-215520,109657151898487651480145,1738137602,-193376,0x11950d141ecb863f01007add7d1a342041227b58,421020800921769916204750
-215460,0,1738137602,-193376,0x11950d141ecb863f01007add7d1a342041227b58,421020800921769916204750
-215400,156151497978814185990,1738137602,-193376,0x11950d141ecb863f01007add7d1a342041227b58,421176952419748730390740
-215340,0,1738137602,-193376,0x11950d141ecb863f01007add7d1a342041227b58,421176952419748730390740
-215280,0,1738137602,-193376,0x11950d141ecb863f01007add7d1a342041227b58,421176952419748730390740
-215220,0,1738137602,-193376,0x11950d141ecb863f01007add7d1a342041227b58,421176952419748730390740
-215160,0,1738137602,-193376,0x11950d141ecb863f01007add7d1a342041227b58,421176952419748730390740
-215100,0,1738137602,-193376,0x11950d141ecb863f01007add7d1a342041227b58,421176952419748730390740
-215040,0,1738137602,-193376,0x11950d141ecb863f01007add7d1a342041227b58,421176952419748730390740
-214980,0,1738137602,-193376,0x11950d141ecb863f01007add7d1a342041227b58,421176952419748730390740
-214920,18446744073709551616,1738137602,-193376,0x11950d141ecb863f01007add7d1a342041227b58,421195399163822439942356
-214860,-18446744073709551616,1738137602,-193376,0x11950d141ecb863f01007add7d1a342041227b58,421176952419748730390740
-214800,0,1738137602,-193376,0x11950d141ecb863f01007add7d1a342041227b58,421176952419748730390740
-214740,0,1738137602,-193376,0x11950d141ecb863f01007add7d1a342041227b58,421176952419748730390740
-214680,0,1738137602,-193376,0x11950d141ecb863f01007add7d1a342041227b58,421176952419748730390740
-214620,0,1738137602,-193376,0x11950d141ecb863f01007add7d1a342041227b58,421176952419748730390740
-214560,0,1738137602,-193376,0x11950d141ecb863f01007add7d1a342041227b58,421176952419748730390740
-214500,117188454109923592246260,1738137602,-193376,0x11950d141ecb863f01007add7d1a342041227b58,538365406529672322637000
-214440,0,1738137602,-193376,0x11950d141ecb863f01007add7d1a342041227b58,538365406529672322637000
-214380,0,1738137602,-193376,0x11950d141ecb863f01007add7d1a342041227b58,538365406529672322637000
-214320,0,1738137602,-193376,0x11950d141ecb863f01007add7d1a342041227b58,538365406529672322637000
-214260,0,1738137602,-193376,0x11950d141ecb863f01007add7d1a342041227b58,538365406529672322637000
-214200,0,1738137602,-193376,0x11950d141ecb863f01007add7d1a342041227b58,538365406529672322637000
-214140,0,1738137602,-193376,0x11950d141ecb863f01007add7d1a342041227b58,538365406529672322637000
-214080,-9774809955922891407380,1738137602,-193376,0x11950d141ecb863f01007add7d1a342041227b58,528590596573749431229620
-214020,5918155103981971072012,1738137602,-193376,0x11950d141ecb863f01007add7d1a342041227b58,534508751677731402301632
-213960,1152921504606846976,1738137602,-193376,0x11950d141ecb863f01007add7d1a342041227b58,534509904599236009148608
-213900,-1152921504606846976,1738137602,-193376,0x11950d141ecb863f01007add7d1a342041227b58,534508751677731402301632
-213840,0,1738137602,-193376,0x11950d141ecb863f01007add7d1a342041227b58,534508751677731402301632
-213780,0,1738137602,-193376,0x11950d141ecb863f01007add7d1a342041227b58,534508751677731402301632
-213720,0,1738137602,-193376,0x11950d141ecb863f01007add7d1a342041227b58,534508751677731402301632
-213660,0,1738137602,-193376,0x11950d141ecb863f01007add7d1a342041227b58,534508751677731402301632
-213600,0,1738137602,-193376,0x11950d141ecb863f01007add7d1a342041227b58,534508751677731402301632
-213540,1152921504606846976,1738137602,-193376,0x11950d141ecb863f01007add7d1a342041227b58,534509904599236009148608
-213480,-1152921504606846976,1738137602,-193376,0x11950d141ecb863f01007add7d1a342041227b58,534508751677731402301632
-213420,0,1738137602,-193376,0x11950d141ecb863f01007add7d1a342041227b58,534508751677731402301632
-213360,0,1738137602,-193376,0x11950d141ecb863f01007add7d1a342041227b58,534508751677731402301632
-213300,0,1738137602,-193376,0x11950d141ecb863f01007add7d1a342041227b58,534508751677731402301632
-213240,1152921504606846976,1738137602,-193376,0x11950d141ecb863f01007add7d1a342041227b58,534509904599236009148608
-213180,432958135689246816025,1738137602,-193376,0x11950d141ecb863f01007add7d1a342041227b58,534942862734925255964633
-213120,1503861004073746378058251,1738137602,-193376,0x11950d141ecb863f01007add7d1a342041227b58,2038803866808671634022884
-213060,0,1738137602,-193376,0x11950d141ecb863f01007add7d1a342041227b58,2038803866808671634022884
-213000,465677685943679901019858,1738137602,-193376,0x11950d141ecb863f01007add7d1a342041227b58,2504481552752351535042742
-212940,0,1738137602,-193376,0x11950d141ecb863f01007add7d1a342041227b58,2504481552752351535042742
-212880,0,1738137602,-193376,0x11950d141ecb863f01007add7d1a342041227b58,2504481552752351535042742
-212820,0,1738137602,-193376,0x11950d141ecb863f01007add7d1a342041227b58,2504481552752351535042742
-212760,0,1738137602,-193376,0x11950d141ecb863f01007add7d1a342041227b58,2504481552752351535042742
-212700,0,1738137602,-193376,0x11950d141ecb863f01007add7d1a342041227b58,2504481552752351535042742
-212640,1152921504606846976,1738137602,-193376,0x11950d141ecb863f01007add7d1a342041227b58,2504482705673856141889718
-212580,30364840473775404558811,1738137602,-193376,0x11950d141ecb863f01007add7d1a342041227b58,2534847546147631546448529
-212520,0,1738137602,-193376,0x11950d141ecb863f01007add7d1a342041227b58,2534847546147631546448529
-212460,0,1738137602,-193376,0x11950d141ecb863f01007add7d1a342041227b58,2534847546147631546448529
-212400,0,1738137602,-193376,0x11950d141ecb863f01007add7d1a342041227b58,2534847546147631546448529
-212340,537787784742920170432712,1738137602,-193376,0x11950d141ecb863f01007add7d1a342041227b58,3072635330890551716881241
-212280,419257606869473251003236,1738137602,-193376,0x11950d141ecb863f01007add7d1a342041227b58,3491892937760024967884477
-212220,-665766869968226401633,1738137602,-193376,0x11950d141ecb863f01007add7d1a342041227b58,3491227170890056741482844
-212160,0,1738137602,-193376,0x11950d141ecb863f01007add7d1a342041227b58,3491227170890056741482844
-212100,0,1738137602,-193376,0x11950d141ecb863f01007add7d1a342041227b58,3491227170890056741482844
-212040,0,1738137602,-193376,0x11950d141ecb863f01007add7d1a342041227b58,3491227170890056741482844
-211980,0,1738137602,-193376,0x11950d141ecb863f01007add7d1a342041227b58,3491227170890056741482844
-211920,189474402915507093068483,1738137602,-193376,0x11950d141ecb863f01007add7d1a342041227b58,3680701573805563834551327
-211860,0,1738137602,-193376,0x11950d141ecb863f01007add7d1a342041227b58,3680701573805563834551327
-211800,0,1738137602,-193376,0x11950d141ecb863f01007add7d1a342041227b58,3680701573805563834551327
-211740,0,1738137602,-193376,0x11950d141ecb863f01007add7d1a342041227b58,3680701573805563834551327
-211680,257421782382462600849362,1738137602,-193376,0x11950d141ecb863f01007add7d1a342041227b58,3938123356188026435400689
-211620,0,1738137602,-193376,0x11950d141ecb863f01007add7d1a342041227b58,3938123356188026435400689
-211560,1152921504606846976,1738137602,-193376,0x11950d141ecb863f01007add7d1a342041227b58,3938124509109531042247665
-211500,148210038574869845358211,1738137602,-193376,0x11950d141ecb863f01007add7d1a342041227b58,4086334547684400887605876
-211440,0,1738137602,-193376,0x11950d141ecb863f01007add7d1a342041227b58,4086334547684400887605876
-211380,-109707241962213208774119,1738137602,-193376,0x11950d141ecb863f01007add7d1a342041227b58,3976627305722187678831757
-211320,0,1738137602,-193376,0x11950d141ecb863f01007add7d1a342041227b58,3976627305722187678831757
-211260,0,1738137602,-193376,0x11950d141ecb863f01007add7d1a342041227b58,3976627305722187678831757
-211200,0,1738137602,-193376,0x11950d141ecb863f01007add7d1a342041227b58,3976627305722187678831757
-211140,669794385109516982908415,1738137602,-193376,0x11950d141ecb863f01007add7d1a342041227b58,4646421690831704661740172
-211080,0,1738137602,-193376,0x11950d141ecb863f01007add7d1a342041227b58,4646421690831704661740172
-211020,0,1738137602,-193376,0x11950d141ecb863f01007add7d1a342041227b58,4646421690831704661740172
-210960,0,1738137602,-193376,0x11950d141ecb863f01007add7d1a342041227b58,4646421690831704661740172
-210900,0,1738137602,-193376,0x11950d141ecb863f01007add7d1a342041227b58,4646421690831704661740172
-210840,0,1738137602,-193376,0x11950d141ecb863f01007add7d1a342041227b58,4646421690831704661740172
-210780,0,1738137602,-193376,0x11950d141ecb863f01007add7d1a342041227b58,4646421690831704661740172
-210720,0,1738137602,-193376,0x11950d141ecb863f01007add7d1a342041227b58,4646421690831704661740172
-210660,-465677685943679901019858,1738137602,-193376,0x11950d141ecb863f01007add7d1a342041227b58,4180744004888024760720314
-210600,0,1738137602,-193376,0x11950d141ecb863f01007add7d1a342041227b58,4180744004888024760720314
-210540,-684657252475771295454683,1738137602,-193376,0x11950d141ecb863f01007add7d1a342041227b58,3496086752412253465265631
-210480,89051634180430026655574,1738137602,-193376,0x11950d141ecb863f01007add7d1a342041227b58,3585138386592683491921205
-210420,-30365993395280011405787,1738137602,-193376,0x11950d141ecb863f01007add7d1a342041227b58,3554772393197403480515418
-210360,0,1738137602,-193376,0x11950d141ecb863f01007add7d1a342041227b58,3554772393197403480515418
-210300,0,1738137602,-193376,0x11950d141ecb863f01007add7d1a342041227b58,3554772393197403480515418
-210240,0,1738137602,-193376,0x11950d141ecb863f01007add7d1a342041227b58,3554772393197403480515418
-210180,-537787784742920170432712,1738137602,-193376,0x11950d141ecb863f01007add7d1a342041227b58,3016984608454483310082706
-210120,-669794385109516982908415,1738137602,-193376,0x11950d141ecb863f01007add7d1a342041227b58,2347190223344966327174291
-210060,0,1738137602,-193376,0x11950d141ecb863f01007add7d1a342041227b58,2347190223344966327174291
-210000,0,1738137602,-193376,0x11950d141ecb863f01007add7d1a342041227b58,2347190223344966327174291
-209940,-189474402915507093068483,1738137602,-193376,0x11950d141ecb863f01007add7d1a342041227b58,2157715820429459234105808
-209880,2988757368,1738137602,-193376,0x11950d141ecb863f01007add7d1a342041227b58,2157715820429462222863176
-209820,0,1738137602,-193376,0x11950d141ecb863f01007add7d1a342041227b58,2157715820429462222863176
-209760,0,1738137602,-193376,0x11950d141ecb863f01007add7d1a342041227b58,2157715820429462222863176
-209700,0,1738137602,-193376,0x11950d141ecb863f01007add7d1a342041227b58,2157715820429462222863176
-209640,-2988757368,1738137602,-193376,0x11950d141ecb863f01007add7d1a342041227b58,2157715820429459234105808
-209580,0,1738137602,-193376,0x11950d141ecb863f01007add7d1a342041227b58,2157715820429459234105808
-209520,0,1738137602,-193376,0x11950d141ecb863f01007add7d1a342041227b58,2157715820429459234105808
-209460,0,1738137602,-193376,0x11950d141ecb863f01007add7d1a342041227b58,2157715820429459234105808
-209400,0,1738137602,-193376,0x11950d141ecb863f01007add7d1a342041227b58,2157715820429459234105808
-209340,0,1738137602,-193376,0x11950d141ecb863f01007add7d1a342041227b58,2157715820429459234105808
-209280,0,1738137602,-193376,0x11950d141ecb863f01007add7d1a342041227b58,2157715820429459234105808
-209220,0,1738137602,-193376,0x11950d141ecb863f01007add7d1a342041227b58,2157715820429459234105808
-209160,132202759397724952338,1738137602,-193376,0x11950d141ecb863f01007add7d1a342041227b58,2157848023188856959058146
-209100,0,1738137602,-193376,0x11950d141ecb863f01007add7d1a342041227b58,2157848023188856959058146
-209040,0,1738137602,-193376,0x11950d141ecb863f01007add7d1a342041227b58,2157848023188856959058146
-208980,0,1738137602,-193376,0x11950d141ecb863f01007add7d1a342041227b58,2157848023188856959058146
-208920,0,1738137602,-193376,0x11950d141ecb863f01007add7d1a342041227b58,2157848023188856959058146
-208860,0,1738137602,-193376,0x11950d141ecb863f01007add7d1a342041227b58,2157848023188856959058146
-208800,0,1738137602,-193376,0x11950d141ecb863f01007add7d1a342041227b58,2157848023188856959058146
-208740,-121605049066967412775890,1738137602,-193376,0x11950d141ecb863f01007add7d1a342041227b58,2036242974121889546282256
-208680,0,1738137602,-193376,0x11950d141ecb863f01007add7d1a342041227b58,2036242974121889546282256
-208620,0,1738137602,-193376,0x11950d141ecb863f01007add7d1a342041227b58,2036242974121889546282256
-208560,0,1738137602,-193376,0x11950d141ecb863f01007add7d1a342041227b58,2036242974121889546282256
-208500,-8030512241531953177790,1738137602,-193376,0x11950d141ecb863f01007add7d1a342041227b58,2028212461880357593104466
-208440,0,1738137602,-193376,0x11950d141ecb863f01007add7d1a342041227b58,2028212461880357593104466
-208380,0,1738137602,-193376,0x11950d141ecb863f01007add7d1a342041227b58,2028212461880357593104466
-208320,-90702109241100387327882,1738137602,-193376,0x11950d141ecb863f01007add7d1a342041227b58,1937510352639257205776584
-208260,0,1738137602,-193376,0x11950d141ecb863f01007add7d1a342041227b58,1937510352639257205776584
-208200,0,1738137602,-193376,0x11950d141ecb863f01007add7d1a342041227b58,1937510352639257205776584
-208140,0,1738137602,-193376,0x11950d141ecb863f01007add7d1a342041227b58,1937510352639257205776584
-208080,0,1738137602,-193376,0x11950d141ecb863f01007add7d1a342041227b58,1937510352639257205776584
-208020,0,1738137602,-193376,0x11950d141ecb863f01007add7d1a342041227b58,1937510352639257205776584
-207960,0,1738137602,-193376,0x11950d141ecb863f01007add7d1a342041227b58,1937510352639257205776584
-207900,40455325344536989525105,1738137602,-193376,0x11950d141ecb863f01007add7d1a342041227b58,1977965677983794195301689
-207840,-40455325344536989525105,1738137602,-193376,0x11950d141ecb863f01007add7d1a342041227b58,1937510352639257205776584
-207780,0,1738137602,-193376,0x11950d141ecb863f01007add7d1a342041227b58,1937510352639257205776584
-207720,0,1738137602,-193376,0x11950d141ecb863f01007add7d1a342041227b58,1937510352639257205776584
-207660,0,1738137602,-193376,0x11950d141ecb863f01007add7d1a342041227b58,1937510352639257205776584
-207600,0,1738137602,-193376,0x11950d141ecb863f01007add7d1a342041227b58,1937510352639257205776584
-207540,0,1738137602,-193376,0x11950d141ecb863f01007add7d1a342041227b58,1937510352639257205776584
-207480,0,1738137602,-193376,0x11950d141ecb863f01007add7d1a342041227b58,1937510352639257205776584
-207420,0,1738137602,-193376,0x11950d141ecb863f01007add7d1a342041227b58,1937510352639257205776584
-207360,0,1738137602,-193376,0x11950d141ecb863f01007add7d1a342041227b58,1937510352639257205776584
-207300,0,1738137602,-193376,0x11950d141ecb863f01007add7d1a342041227b58,1937510352639257205776584
-207240,130770968577526359694145,1738137602,-193376,0x11950d141ecb863f01007add7d1a342041227b58,2068281321216783565470729
-207180,-30707813396100706836152,1738137602,-193376,0x11950d141ecb863f01007add7d1a342041227b58,2037573507820682858634577
-207120,0,1738137602,-193376,0x11950d141ecb863f01007add7d1a342041227b58,2037573507820682858634577
-207060,0,1738137602,-193376,0x11950d141ecb863f01007add7d1a342041227b58,2037573507820682858634577
-207000,0,1738137602,-193376,0x11950d141ecb863f01007add7d1a342041227b58,2037573507820682858634577
-206940,0,1738137602,-193376,0x11950d141ecb863f01007add7d1a342041227b58,2037573507820682858634577
-206880,0,1738137602,-193376,0x11950d141ecb863f01007add7d1a342041227b58,2037573507820682858634577
-206820,0,1738137602,-193376,0x11950d141ecb863f01007add7d1a342041227b58,2037573507820682858634577
-206760,0,1738137602,-193376,0x11950d141ecb863f01007add7d1a342041227b58,2037573507820682858634577
-206700,-1118625434002766999087,1738137602,-193376,0x11950d141ecb863f01007add7d1a342041227b58,2036454882386680091635490
-206640,0,1738137602,-193376,0x11950d141ecb863f01007add7d1a342041227b58,2036454882386680091635490
-206580,0,1738137602,-193376,0x11950d141ecb863f01007add7d1a342041227b58,2036454882386680091635490
-206520,0,1738137602,-193376,0x11950d141ecb863f01007add7d1a342041227b58,2036454882386680091635490
-206460,220423564723767767378,1738137602,-193376,0x11950d141ecb863f01007add7d1a342041227b58,2036675305951403859402868
-206400,0,1738137602,-193376,0x11950d141ecb863f01007add7d1a342041227b58,2036675305951403859402868
-206340,221006068616190870694182,1738137602,-193376,0x11950d141ecb863f01007add7d1a342041227b58,2257681374567594730097050
-206280,0,1738137602,-193376,0x11950d141ecb863f01007add7d1a342041227b58,2257681374567594730097050
-206220,0,1738137602,-193376,0x11950d141ecb863f01007add7d1a342041227b58,2257681374567594730097050
-206160,0,1738137602,-193376,0x11950d141ecb863f01007add7d1a342041227b58,2257681374567594730097050
-206100,0,1738137602,-193376,0x11950d141ecb863f01007add7d1a342041227b58,2257681374567594730097050
-206040,7264555666364652464060,1738137602,-193376,0x11950d141ecb863f01007add7d1a342041227b58,2264945930233959382561110
-205980,0,1738137602,-193376,0x11950d141ecb863f01007add7d1a342041227b58,2264945930233959382561110
-205920,0,1738137602,-193376,0x11950d141ecb863f01007add7d1a342041227b58,2264945930233959382561110
-205860,0,1738137602,-193376,0x11950d141ecb863f01007add7d1a342041227b58,2264945930233959382561110
-205800,0,1738137602,-193376,0x11950d141ecb863f01007add7d1a342041227b58,2264945930233959382561110
-205740,0,1738137602,-193376,0x11950d141ecb863f01007add7d1a342041227b58,2264945930233959382561110
-205680,0,1738137602,-193376,0x11950d141ecb863f01007add7d1a342041227b58,2264945930233959382561110
-205620,0,1738137602,-193376,0x11950d141ecb863f01007add7d1a342041227b58,2264945930233959382561110
-205560,0,1738137602,-193376,0x11950d141ecb863f01007add7d1a342041227b58,2264945930233959382561110
-205500,0,1738137602,-193376,0x11950d141ecb863f01007add7d1a342041227b58,2264945930233959382561110
-205440,0,1738137602,-193376,0x11950d141ecb863f01007add7d1a342041227b58,2264945930233959382561110
-205380,0,1738137602,-193376,0x11950d141ecb863f01007add7d1a342041227b58,2264945930233959382561110
-205320,0,1738137602,-193376,0x11950d141ecb863f01007add7d1a342041227b58,2264945930233959382561110
-205260,0,1738137602,-193376,0x11950d141ecb863f01007add7d1a342041227b58,2264945930233959382561110
-205200,0,1738137602,-193376,0x11950d141ecb863f01007add7d1a342041227b58,2264945930233959382561110
-205140,0,1738137602,-193376,0x11950d141ecb863f01007add7d1a342041227b58,2264945930233959382561110
-205080,0,1738137602,-193376,0x11950d141ecb863f01007add7d1a342041227b58,2264945930233959382561110
-205020,0,1738137602,-193376,0x11950d141ecb863f01007add7d1a342041227b58,2264945930233959382561110
-204960,0,1738137602,-193376,0x11950d141ecb863f01007add7d1a342041227b58,2264945930233959382561110
-204900,0,1738137602,-193376,0x11950d141ecb863f01007add7d1a342041227b58,2264945930233959382561110
-204840,0,1738137602,-193376,0x11950d141ecb863f01007add7d1a342041227b58,2264945930233959382561110
-204780,0,1738137602,-193376,0x11950d141ecb863f01007add7d1a342041227b58,2264945930233959382561110
-204720,0,1738137602,-193376,0x11950d141ecb863f01007add7d1a342041227b58,2264945930233959382561110
-204660,0,1738137602,-193376,0x11950d141ecb863f01007add7d1a342041227b58,2264945930233959382561110
-204600,0,1738137602,-193376,0x11950d141ecb863f01007add7d1a342041227b58,2264945930233959382561110
-204540,0,1738137602,-193376,0x11950d141ecb863f01007add7d1a342041227b58,2264945930233959382561110
-204480,0,1738137602,-193376,0x11950d141ecb863f01007add7d1a342041227b58,2264945930233959382561110
-204420,-106061434253256892016,1738137602,-193376,0x11950d141ecb863f01007add7d1a342041227b58,2264839868799706125669094
-204360,-13221853162105615528288,1738137602,-193376,0x11950d141ecb863f01007add7d1a342041227b58,2251618015637600510140806
-204300,0,1738137602,-193376,0x11950d141ecb863f01007add7d1a342041227b58,2251618015637600510140806
-204240,0,1738137602,-193376,0x11950d141ecb863f01007add7d1a342041227b58,2251618015637600510140806
-204180,50854312550244627253831,1738137602,-193376,0x11950d141ecb863f01007add7d1a342041227b58,2302472328187845137394637
-204120,0,1738137602,-193376,0x11950d141ecb863f01007add7d1a342041227b58,2302472328187845137394637
-204060,0,1738137602,-193376,0x11950d141ecb863f01007add7d1a342041227b58,2302472328187845137394637
-204000,0,1738137602,-193376,0x11950d141ecb863f01007add7d1a342041227b58,2302472328187845137394637
-203940,37334937010958312438325,1738137602,-193376,0x11950d141ecb863f01007add7d1a342041227b58,2339807265198803449832962
-203880,-1201753708078411612332,1738137602,-193376,0x11950d141ecb863f01007add7d1a342041227b58,2338605511490725038220630
-203820,0,1738137602,-193376,0x11950d141ecb863f01007add7d1a342041227b58,2338605511490725038220630
-203760,0,1738137602,-193376,0x11950d141ecb863f01007add7d1a342041227b58,2338605511490725038220630
-203700,0,1738137602,-193376,0x11950d141ecb863f01007add7d1a342041227b58,2338605511490725038220630
-203640,0,1738137602,-193376,0x11950d141ecb863f01007add7d1a342041227b58,2338605511490725038220630
-203580,434235754705952555,1738137602,-193376,0x11950d141ecb863f01007add7d1a342041227b58,2338605945726479744173185
-203520,0,1738137602,-193376,0x11950d141ecb863f01007add7d1a342041227b58,2338605945726479744173185
-203460,305347140709321789606,1738137602,-193376,0x11950d141ecb863f01007add7d1a342041227b58,2338911292867189065962791
-203400,5399751617274276949258,1738137602,-193376,0x11950d141ecb863f01007add7d1a342041227b58,2344311044484463342912049
-203340,0,1738137602,-193376,0x11950d141ecb863f01007add7d1a342041227b58,2344311044484463342912049
-203280,0,1738137602,-193376,0x11950d141ecb863f01007add7d1a342041227b58,2344311044484463342912049
-203220,0,1738137602,-193376,0x11950d141ecb863f01007add7d1a342041227b58,2344311044484463342912049
-203160,0,1738137602,-193376,0x11950d141ecb863f01007add7d1a342041227b58,2344311044484463342912049
-203100,18662382261585576051603,1738137602,-193376,0x11950d141ecb863f01007add7d1a342041227b58,2362973426746048918963652
-203040,0,1738137602,-193376,0x11950d141ecb863f01007add7d1a342041227b58,2362973426746048918963652
-202980,62259288683811663044,1738137602,-193376,0x11950d141ecb863f01007add7d1a342041227b58,2363035686034732730626696
-202920,0,1738137602,-193376,0x11950d141ecb863f01007add7d1a342041227b58,2363035686034732730626696
-202860,0,1738137602,-193376,0x11950d141ecb863f01007add7d1a342041227b58,2363035686034732730626696
-202800,0,1738137602,-193376,0x11950d141ecb863f01007add7d1a342041227b58,2363035686034732730626696
-202740,64225073245427105447101,1738137602,-193376,0x11950d141ecb863f01007add7d1a342041227b58,2427260759280159836073797
-202680,2088919955390798411572,1738137602,-193376,0x11950d141ecb863f01007add7d1a342041227b58,2429349679235550634485369
-202620,0,1738137602,-193376,0x11950d141ecb863f01007add7d1a342041227b58,2429349679235550634485369
-202560,24329086139707117691814,1738137602,-193376,0x11950d141ecb863f01007add7d1a342041227b58,2453678765375257752177183
-202500,27606918314063353024868,1738137602,-193376,0x11950d141ecb863f01007add7d1a342041227b58,2481285683689321105202051
-202440,451817469223610529018,1738137602,-193376,0x11950d141ecb863f01007add7d1a342041227b58,2481737501158544715731069
-202380,-215822385292510327062169,1738137602,-193376,0x11950d141ecb863f01007add7d1a342041227b58,2265915115866034388668900
-202320,121872758155426478036,1738137602,-193376,0x11950d141ecb863f01007add7d1a342041227b58,2266036988624189815146936
-202260,413519713996930872746,1738137602,-193376,0x11950d141ecb863f01007add7d1a342041227b58,2266450508338186746019682
-202200,0,1738137602,-193376,0x11950d141ecb863f01007add7d1a342041227b58,2266450508338186746019682
-202140,458869094724660484221,1738137602,-193376,0x11950d141ecb863f01007add7d1a342041227b58,2266909377432911406503903
-202080,1975354569977817040486,1738137602,-193376,0x11950d141ecb863f01007add7d1a342041227b58,2268884732002889223544389
-202020,0,1738137602,-193376,0x11950d141ecb863f01007add7d1a342041227b58,2268884732002889223544389
-201960,47006169783715885211158,1738137602,-193376,0x11950d141ecb863f01007add7d1a342041227b58,2315890901786605108755547
-201900,0,1738137602,-193376,0x11950d141ecb863f01007add7d1a342041227b58,2315890901786605108755547
-201840,1081270397022708030593,1738137602,-193376,0x11950d141ecb863f01007add7d1a342041227b58,2316972172183627816786140
-201780,0,1738137602,-193376,0x11950d141ecb863f01007add7d1a342041227b58,2316972172183627816786140
-201720,0,1738137602,-193376,0x11950d141ecb863f01007add7d1a342041227b58,2316972172183627816786140
-201660,0,1738137602,-193376,0x11950d141ecb863f01007add7d1a342041227b58,2316972172183627816786140
-201600,0,1738137602,-193376,0x11950d141ecb863f01007add7d1a342041227b58,2316972172183627816786140
-201540,18728076002329824320457,1738137602,-193376,0x11950d141ecb863f01007add7d1a342041227b58,2335700248185957641106597
-201480,0,1738137602,-193376,0x11950d141ecb863f01007add7d1a342041227b58,2335700248185957641106597
-201420,0,1738137602,-193376,0x11950d141ecb863f01007add7d1a342041227b58,2335700248185957641106597
-201360,0,1738137602,-193376,0x11950d141ecb863f01007add7d1a342041227b58,2335700248185957641106597
-201300,0,1738137602,-193376,0x11950d141ecb863f01007add7d1a342041227b58,2335700248185957641106597
-201240,0,1738137602,-193376,0x11950d141ecb863f01007add7d1a342041227b58,2335700248185957641106597
-201180,2061115878609263036,1738137602,-193376,0x11950d141ecb863f01007add7d1a342041227b58,2335702309301836250369633
-201120,15158962910334490757591,1738137602,-193376,0x11950d141ecb863f01007add7d1a342041227b58,2350861272212170741127224
-201060,1231303399001245366640,1738137602,-193376,0x11950d141ecb863f01007add7d1a342041227b58,2352092575611171986493864
-201000,11339610776293561125702,1738137602,-193376,0x11950d141ecb863f01007add7d1a342041227b58,2363432186387465547619566
-200940,0,1738137602,-193376,0x11950d141ecb863f01007add7d1a342041227b58,2363432186387465547619566
-200880,0,1738137602,-193376,0x11950d141ecb863f01007add7d1a342041227b58,2363432186387465547619566
-200820,0,1738137602,-193376,0x11950d141ecb863f01007add7d1a342041227b58,2363432186387465547619566
-200760,39878661401033542163804,1738137602,-193376,0x11950d141ecb863f01007add7d1a342041227b58,2403310847788499089783370
-200700,7669964562181445337547,1738137602,-193376,0x11950d141ecb863f01007add7d1a342041227b58,2410980812350680535120917
-200640,9864221877360974274030,1738137602,-193376,0x11950d141ecb863f01007add7d1a342041227b58,2420845034228041509394947
-200580,0,1738137602,-193376,0x11950d141ecb863f01007add7d1a342041227b58,2420845034228041509394947
-200520,0,1738137602,-193376,0x11950d141ecb863f01007add7d1a342041227b58,2420845034228041509394947
-200460,2797127615885389288552,1738137602,-193376,0x11950d141ecb863f01007add7d1a342041227b58,2423642161843926898683499
-200400,0,1738137602,-193376,0x11950d141ecb863f01007add7d1a342041227b58,2423642161843926898683499
-200340,0,1738137602,-193376,0x11950d141ecb863f01007add7d1a342041227b58,2423642161843926898683499
-200280,613283527761933899216,1738137602,-193376,0x11950d141ecb863f01007add7d1a342041227b58,2424255445371688832582715
-200220,53663911970756528422,1738137602,-193376,0x11950d141ecb863f01007add7d1a342041227b58,2424309109283659589111137
-200160,0,1738137602,-193376,0x11950d141ecb863f01007add7d1a342041227b58,2424309109283659589111137
-200100,169398943014232685562624,1738137602,-193376,0x11950d141ecb863f01007add7d1a342041227b58,2593708052297892274673761
-200040,138194335900411717445967,1738137602,-193376,0x11950d141ecb863f01007add7d1a342041227b58,2731902388198303992119728
-199980,5501738585037067479539,1738137602,-193376,0x11950d141ecb863f01007add7d1a342041227b58,2737404126783341059599267
-199920,0,1738137602,-193376,0x11950d141ecb863f01007add7d1a342041227b58,2737404126783341059599267
-199860,61122152405920291844,1738137602,-193376,0x11950d141ecb863f01007add7d1a342041227b58,2737465248935746979891111
-199800,649522855220978600448,1738137602,-193376,0x11950d141ecb863f01007add7d1a342041227b58,2738114771790967958491559
-199740,0,1738137602,-193376,0x11950d141ecb863f01007add7d1a342041227b58,2738114771790967958491559
-199680,0,1738137602,-193376,0x11950d141ecb863f01007add7d1a342041227b58,2738114771790967958491559
-199620,0,1738137602,-193376,0x11950d141ecb863f01007add7d1a342041227b58,2738114771790967958491559
-199560,0,1738137602,-193376,0x11950d141ecb863f01007add7d1a342041227b58,2738114771790967958491559
-199500,0,1738137602,-193376,0x11950d141ecb863f01007add7d1a342041227b58,2738114771790967958491559
-199440,0,1738137602,-193376,0x11950d141ecb863f01007add7d1a342041227b58,2738114771790967958491559
-199380,0,1738137602,-193376,0x11950d141ecb863f01007add7d1a342041227b58,2738114771790967958491559
-199320,0,1738137602,-193376,0x11950d141ecb863f01007add7d1a342041227b58,2738114771790967958491559
-199260,0,1738137602,-193376,0x11950d141ecb863f01007add7d1a342041227b58,2738114771790967958491559
-199200,26900698534396786941665,1738137602,-193376,0x11950d141ecb863f01007add7d1a342041227b58,2765015470325364745433224
-199140,0,1738137602,-193376,0x11950d141ecb863f01007add7d1a342041227b58,2765015470325364745433224
-199080,4435651554268530172916,1738137602,-193376,0x11950d141ecb863f01007add7d1a342041227b58,2769451121879633275606140
-199020,380769030754354631745,1738137602,-193376,0x11950d141ecb863f01007add7d1a342041227b58,2769831890910387630237885
-198960,0,1738137602,-193376,0x11950d141ecb863f01007add7d1a342041227b58,2769831890910387630237885
-198900,7681726657281888807590,1738137602,-193376,0x11950d141ecb863f01007add7d1a342041227b58,2777513617567669519045475
-198840,0,1738137602,-193376,0x11950d141ecb863f01007add7d1a342041227b58,2777513617567669519045475
-198780,0,1738137602,-193376,0x11950d141ecb863f01007add7d1a342041227b58,2777513617567669519045475
-198720,411963591904191198025,1738137602,-193376,0x11950d141ecb863f01007add7d1a342041227b58,2777925581159573710243500
-198660,6758998390215052224812,1738137602,-193376,0x11950d141ecb863f01007add7d1a342041227b58,2784684579549788762468312
-198600,0,1738137602,-193376,0x11950d141ecb863f01007add7d1a342041227b58,2784684579549788762468312
-198540,881018412162472662855,1738137602,-193376,0x11950d141ecb863f01007add7d1a342041227b58,2785565597961951235131167
-198480,123563970627819435934254,1738137602,-193376,0x11950d141ecb863f01007add7d1a342041227b58,2909129568589770671065421
-198420,153885997301096353415949,1738137602,-193376,0x11950d141ecb863f01007add7d1a342041227b58,3063015565890867024481370
-198360,9611141730052216716017,1738137602,-193376,0x11950d141ecb863f01007add7d1a342041227b58,3072626707620919241197387
-198300,60218006566060302986919,1738137602,-193376,0x11950d141ecb863f01007add7d1a342041227b58,3132844714186979544184306
-198240,549906602066585381491125,1738137602,-193376,0x11950d141ecb863f01007add7d1a342041227b58,3682751316253564925675431
-198180,1979842998414904728356,1738137602,-193376,0x11950d141ecb863f01007add7d1a342041227b58,3684731159251979830403787
-198120,780163428890861999547,1738137602,-193376,0x11950d141ecb863f01007add7d1a342041227b58,3685511322680870692403334
-198060,1654629733218175133453,1738137602,-193376,0x11950d141ecb863f01007add7d1a342041227b58,3687165952414088867536787
-198000,0,1738137602,-193376,0x11950d141ecb863f01007add7d1a342041227b58,3687165952414088867536787
-197940,9997590201021590965455,1738137602,-193376,0x11950d141ecb863f01007add7d1a342041227b58,3697163542615110458502242
-197880,23045660084133975765,1738137602,-193376,0x11950d141ecb863f01007add7d1a342041227b58,3697186588275194592478007
-197820,-135816733315495188073472,1738137602,-193376,0x11950d141ecb863f01007add7d1a342041227b58,3561369854959699404404535
-197760,56042164701471722239314,1738137602,-193376,0x11950d141ecb863f01007add7d1a342041227b58,3617412019661171126643849
-197700,0,1738137602,-193376,0x11950d141ecb863f01007add7d1a342041227b58,3617412019661171126643849
-197640,0,1738137602,-193376,0x11950d141ecb863f01007add7d1a342041227b58,3617412019661171126643849
-197580,0,1738137602,-193376,0x11950d141ecb863f01007add7d1a342041227b58,3617412019661171126643849
-197520,0,1738137602,-193376,0x11950d141ecb863f01007add7d1a342041227b58,3617412019661171126643849
-197460,0,1738137602,-193376,0x11950d141ecb863f01007add7d1a342041227b58,3617412019661171126643849
-197400,71772161002636638287508,1738137602,-193376,0x11950d141ecb863f01007add7d1a342041227b58,3689184180663807764931357
-197340,40523077947380522462,1738137602,-193376,0x11950d141ecb863f01007add7d1a342041227b58,3689224703741755145453819
-197280,9827136747602217486617,1738137602,-193376,0x11950d141ecb863f01007add7d1a342041227b58,3699051840489357362940436
-197220,1194611637160682749932,1738137602,-193376,0x11950d141ecb863f01007add7d1a342041227b58,3700246452126518045690368
-197160,6509804594237146314655,1738137602,-193376,0x11950d141ecb863f01007add7d1a342041227b58,3706756256720755192005023
-197100,0,1738137602,-193376,0x11950d141ecb863f01007add7d1a342041227b58,3706756256720755192005023
-197040,0,1738137602,-193376,0x11950d141ecb863f01007add7d1a342041227b58,3706756256720755192005023
-196980,30069098385505144754658,1738137602,-193376,0x11950d141ecb863f01007add7d1a342041227b58,3736825355106260336759681
-196920,54220498792319466644512,1738137602,-193376,0x11950d141ecb863f01007add7d1a342041227b58,3791045853898579803404193
-196860,0,1738137602,-193376,0x11950d141ecb863f01007add7d1a342041227b58,3791045853898579803404193
-196800,0,1738137602,-193376,0x11950d141ecb863f01007add7d1a342041227b58,3791045853898579803404193
-196740,289979730081419109838937,1738137602,-193376,0x11950d141ecb863f01007add7d1a342041227b58,4081025583979998913243130
-196680,-411963591904191198025,1738137602,-193376,0x11950d141ecb863f01007add7d1a342041227b58,4080613620388094722045105
-196620,32334424132971095143613,1738137602,-193376,0x11950d141ecb863f01007add7d1a342041227b58,4112948044521065817188718
-196560,3831249945282541279957,1738137602,-193376,0x11950d141ecb863f01007add7d1a342041227b58,4116779294466348358468675
-196500,0,1738137602,-193376,0x11950d141ecb863f01007add7d1a342041227b58,4116779294466348358468675
-196440,2360063782855365156750507,1738137602,-193376,0x11950d141ecb863f01007add7d1a342041227b58,6476843077321713515219182
-196380,0,1738137602,-193376,0x11950d141ecb863f01007add7d1a342041227b58,6476843077321713515219182
-196320,17658564059134773756401,1738137602,-193376,0x11950d141ecb863f01007add7d1a342041227b58,6494501641380848288975583
-196260,388817344513093638752650,1738137602,-193376,0x11950d141ecb863f01007add7d1a342041227b58,6883318985893941927728233
-196200,0,1738137602,-193376,0x11950d141ecb863f01007add7d1a342041227b58,6883318985893941927728233
-196140,17663593533703857673,1738137602,-193376,0x11950d141ecb863f01007add7d1a342041227b58,6883336649487475631585906
-196080,-63898338813454737295106,1738137602,-193376,0x11950d141ecb863f01007add7d1a342041227b58,6819438310674020894290800
-196020,75441732607328649046815,1738137602,-193376,0x11950d141ecb863f01007add7d1a342041227b58,6894880043281349543337615
-195960,-8909224561074061031866,1738137602,-193376,0x11950d141ecb863f01007add7d1a342041227b58,6885970818720275482305749
-195900,0,1738137602,-193376,0x11950d141ecb863f01007add7d1a342041227b58,6885970818720275482305749
-195840,7441697534370403807098,1738137602,-193376,0x11950d141ecb863f01007add7d1a342041227b58,6893412516254645886112847
-195780,0,1738137602,-193376,0x11950d141ecb863f01007add7d1a342041227b58,6893412516254645886112847
-195720,73654224253390002028220,1738137602,-193376,0x11950d141ecb863f01007add7d1a342041227b58,6967066740508035888141067
-195660,53471187566015563308832,1738137602,-193376,0x11950d141ecb863f01007add7d1a342041227b58,7020537928074051451449899
-195600,610233092874664710357643,1738137602,-193376,0x11950d141ecb863f01007add7d1a342041227b58,7630771020948716161807542
-195540,0,1738137602,-193376,0x11950d141ecb863f01007add7d1a342041227b58,7630771020948716161807542
-195480,289719641368949182187528,1738137602,-193376,0x11950d141ecb863f01007add7d1a342041227b58,7920490662317665343995070
-195420,-132202759397724952338,1738137602,-193376,0x11950d141ecb863f01007add7d1a342041227b58,7920358459558267619042732
-195360,643416704955509598118531,1738137602,-193376,0x11950d141ecb863f01007add7d1a342041227b58,8563775164513777217161263
-195300,0,1738137602,-193376,0x11950d141ecb863f01007add7d1a342041227b58,8563775164513777217161263
-195240,13350060049617940413061,1738137602,-193376,0x11950d141ecb863f01007add7d1a342041227b58,8577125224563395157574324
-195180,5273032197721293106386,1738137602,-193376,0x11950d141ecb863f01007add7d1a342041227b58,8582398256761116450680710
-195120,-8896383994379601780198,1738137602,-193376,0x11950d141ecb863f01007add7d1a342041227b58,8573501872766736848900512
-195060,0,1738137602,-193376,0x11950d141ecb863f01007add7d1a342041227b58,8573501872766736848900512
-195000,66913403773766761978973,1738137602,-193376,0x11950d141ecb863f01007add7d1a342041227b58,8640415276540503610879485
-194940,0,1738137602,-193376,0x11950d141ecb863f01007add7d1a342041227b58,8640415276540503610879485
-194880,-84189786099532476953341,1738137602,-193376,0x11950d141ecb863f01007add7d1a342041227b58,8556225490440971133926144
-194820,3185658832469507712651287,1738137602,-193376,0x11950d141ecb863f01007add7d1a342041227b58,11741884322910478846577431
-194760,3384568401698384818104,1738137602,-193376,0x11950d141ecb863f01007add7d1a342041227b58,11745268891312177231395535
-194700,1056977819446272864800647,1738137602,-193376,0x11950d141ecb863f01007add7d1a342041227b58,12802246710758450096196182
-194640,22456521408846213881014,1738137602,-193376,0x11950d141ecb863f01007add7d1a342041227b58,12824703232167296310077196
-194580,0,1738137602,-193376,0x11950d141ecb863f01007add7d1a342041227b58,12824703232167296310077196
-194520,1035133998641737297720,1738137602,-193376,0x11950d141ecb863f01007add7d1a342041227b58,12825738366165938047374916
-194460,0,1738137602,-193376,0x11950d141ecb863f01007add7d1a342041227b58,12825738366165938047374916
-194400,2518533062539966969146,1738137602,-193376,0x11950d141ecb863f01007add7d1a342041227b58,12828256899228478014344062
-194340,104686424343156762793751,1738137602,-193376,0x11950d141ecb863f01007add7d1a342041227b58,12932943323571634777137813
-194280,239905135030419350338284,1738137602,-193376,0x11950d141ecb863f01007add7d1a342041227b58,13172848458602054127476097
-194220,0,1738137602,-193376,0x11950d141ecb863f01007add7d1a342041227b58,13172848458602054127476097
-194160,0,1738137602,-193376,0x11950d141ecb863f01007add7d1a342041227b58,13172848458602054127476097
-194100,-434235754705952555,1738137602,-193376,0x11950d141ecb863f01007add7d1a342041227b58,13172848024366299421523542
-194040,-1885389803584663301736,1738137602,-193376,0x11950d141ecb863f01007add7d1a342041227b58,13170962634562714758221806
-193980,187583176471470863169377,1738137602,-193376,0x11950d141ecb863f01007add7d1a342041227b58,13358545811034185621391183
-193920,170313191098431115162604,1738137602,-193376,0x11950d141ecb863f01007add7d1a342041227b58,13528859002132616736553787
-193860,1013637100663429102259720,1738137602,-193376,0x11950d141ecb863f01007add7d1a342041227b58,14542496102796045838813507
-193800,313541330153934751100286,1738137602,-193376,0x11950d141ecb863f01007add7d1a342041227b58,14856037432949980589913793
-193740,0,1738137602,-193376,0x11950d141ecb863f01007add7d1a342041227b58,14856037432949980589913793
-193680,8633870827334777563086,1738137602,-193376,0x11950d141ecb863f01007add7d1a342041227b58,14864671303777315367476879
-193620,-289719641368949182187528,1738137602,-193376,0x11950d141ecb863f01007add7d1a342041227b58,14574951662408366185289351
-193560,51770800757855297619122,1738137602,-193376,0x11950d141ecb863f01007add7d1a342041227b58,14626722463166221482908473
-193500,20130195869250868792876,1738137602,-193376,0x11950d141ecb863f01007add7d1a342041227b58,14646852659035472351701349
-193440,0,1738137602,-193376,0x11950d141ecb863f01007add7d1a342041227b58,14646852659035472351701349
-193380,19868733856142614095712,1738137602,-193376,0x11950d141ecb863f01007add7d1a342041227b58,14666721392891614965797061
-193320,-61597937505457515105739,1738137602,-193376,0x11950d141ecb863f01007add7d1a342041227b58,14605123455386157450691322
-193260,-22153082982599248330621,1738137602,-193376,0x11950d141ecb863f01007add7d1a342041227b58,14582970372403558202360701
-193200,485125111750305859761,1738137602,-193376,0x11950d141ecb863f01007add7d1a342041227b58,14583455497515308508220462
-193140,364246797376677850641400,1738137602,-193376,0x11950d141ecb863f01007add7d1a342041227b58,14947702294891986358861862
-193080,113443829540347569869021,1738137602,-193376,0x11950d141ecb863f01007add7d1a342041227b58,15061146124432333928730883
-193020,0,1738137602,-193376,0x11950d141ecb863f01007add7d1a342041227b58,15061146124432333928730883
-192960,0,1738137602,-193376,0x11950d141ecb863f01007add7d1a342041227b58,15061146124432333928730883
-192900,41351924618425801928772,1738137602,-193376,0x11950d141ecb863f01007add7d1a342041227b58,15102498049050759730659655
-192840,28021725161271723825063,1738137602,-193376,0x11950d141ecb863f01007add7d1a342041227b58,15130519774212031454484718
-192780,4112635724682304054136635,1738137602,-193376,0x11950d141ecb863f01007add7d1a342041227b58,19243155498894335508621353
-192720,0,1738137602,-193376,0x11950d141ecb863f01007add7d1a342041227b58,19243155498894335508621353
-192660,-233887911621432895086744,1738137602,-193376,0x11950d141ecb863f01007add7d1a342041227b58,19009267587272902613534609
-192600,-696623678901314304630000,1738137602,-193376,0x11950d141ecb863f01007add7d1a342041227b58,18312643908371588308904609
-192540,-7264555666364652464060,1738137602,-193376,0x11950d141ecb863f01007add7d1a342041227b58,18305379352705223656440549
-192480,-6625059072528190014108,1738137602,-193376,0x11950d141ecb863f01007add7d1a342041227b58,18298754293632695466426441
-192420,0,1738137602,-193376,0x11950d141ecb863f01007add7d1a342041227b58,18298754293632695466426441
-192360,331796326248291630909068,1738137602,-193376,0x11950d141ecb863f01007add7d1a342041227b58,18630550619880987097335509
-192300,-2928084757203624239324446,1738137602,-193376,0x11950d141ecb863f01007add7d1a342041227b58,15702465862677362858011063
-192240,4849030940680015714102,1738137602,-193376,0x11950d141ecb863f01007add7d1a342041227b58,15707314893618042873725165
-192180,18877839971354087577537,1738137602,-193376,0x11950d141ecb863f01007add7d1a342041227b58,15726192733589396961302702
-192120,194044210158088626453516,1738137602,-193376,0x11950d141ecb863f01007add7d1a342041227b58,15920236943747485587756218
-192060,52664249920321435608070,1738137602,-193376,0x11950d141ecb863f01007add7d1a342041227b58,15972901193667807023364288
-192000,226982212260238284243984,1738137602,-193376,0x11950d141ecb863f01007add7d1a342041227b58,16199883405928045307608272
-191940,0,1738137602,-193376,0x11950d141ecb863f01007add7d1a342041227b58,16199883405928045307608272
-191880,-71260969245778365028315,1738137602,-193376,0x11950d141ecb863f01007add7d1a342041227b58,16128622436682266942579957
-191820,-5137054319422302472472,1738137602,-193376,0x11950d141ecb863f01007add7d1a342041227b58,16123485382362844640107485
-191760,186825080022305105076165,1738137602,-193376,0x11950d141ecb863f01007add7d1a342041227b58,16310310462385149745183650
-191700,83569992878120128897289,1738137602,-193376,0x11950d141ecb863f01007add7d1a342041227b58,16393880455263269874080939
-191640,0,1738137602,-193376,0x11950d141ecb863f01007add7d1a342041227b58,16393880455263269874080939
-191580,0,1738137602,-193376,0x11950d141ecb863f01007add7d1a342041227b58,16393880455263269874080939
-191520,3480185647172791725267244,1738137602,-193376,0x11950d141ecb863f01007add7d1a342041227b58,19874066102436061599348183
-191460,1933038520260457638365909,1738137602,-193376,0x11950d141ecb863f01007add7d1a342041227b58,21807104622696519237714092
-191400,4037558595613915896376601,1738137602,-193376,0x11950d141ecb863f01007add7d1a342041227b58,25844663218310435134090693
-191340,0,1738137602,-193376,0x11950d141ecb863f01007add7d1a342041227b58,25844663218310435134090693
-191280,0,1738137602,-193376,0x11950d141ecb863f01007add7d1a342041227b58,25844663218310435134090693
-191220,0,1738137602,-193376,0x11950d141ecb863f01007add7d1a342041227b58,25844663218310435134090693
-191160,0,1738137602,-193376,0x11950d141ecb863f01007add7d1a342041227b58,25844663218310435134090693
-191100,35456647602809007501940,1738137602,-193376,0x11950d141ecb863f01007add7d1a342041227b58,25880119865913244141592633
-191040,332654621499045829257397,1738137602,-193376,0x11950d141ecb863f01007add7d1a342041227b58,26212774487412289970850030
-190980,0,1738137602,-193376,0x11950d141ecb863f01007add7d1a342041227b58,26212774487412289970850030
-190920,1426388947341416622495030,1738137602,-193376,0x11950d141ecb863f01007add7d1a342041227b58,27639163434753706593345060
-190860,0,1738137602,-193376,0x11950d141ecb863f01007add7d1a342041227b58,27639163434753706593345060
-190800,204650104609868884990108,1738137602,-193376,0x11950d141ecb863f01007add7d1a342041227b58,27843813539363575478335168
-190740,0,1738137602,-193376,0x11950d141ecb863f01007add7d1a342041227b58,27843813539363575478335168
-190680,-3513396786891071717883254,1738137602,-193376,0x11950d141ecb863f01007add7d1a342041227b58,24330416752472503760451914
-190620,6964597372620884490612,1738137602,-193376,0x11950d141ecb863f01007add7d1a342041227b58,24337381349845124644942526
-190560,91494116944256664336973,1738137602,-193376,0x11950d141ecb863f01007add7d1a342041227b58,24428875466789381309279499
-190500,0,1738137602,-193376,0x11950d141ecb863f01007add7d1a342041227b58,24428875466789381309279499
-190440,-170353714176378495685066,1738137602,-193376,0x11950d141ecb863f01007add7d1a342041227b58,24258521752613002813594433
-190380,0,1738137602,-193376,0x11950d141ecb863f01007add7d1a342041227b58,24258521752613002813594433
-190320,-643416704955509598118531,1738137602,-193376,0x11950d141ecb863f01007add7d1a342041227b58,23615105047657493215475902
-190260,0,1738137602,-193376,0x11950d141ecb863f01007add7d1a342041227b58,23615105047657493215475902
-190200,0,1738137602,-193376,0x11950d141ecb863f01007add7d1a342041227b58,23615105047657493215475902
-190140,-269609135742341250503726,1738137602,-193376,0x11950d141ecb863f01007add7d1a342041227b58,23345495911915151964972176
-190080,-364512480392366742751073,1738137602,-193376,0x11950d141ecb863f01007add7d1a342041227b58,22980983431522785222221103
-190020,0,1738137602,-193376,0x11950d141ecb863f01007add7d1a342041227b58,22980983431522785222221103
-189960,57959877595493249558107,1738137602,-193376,0x11950d141ecb863f01007add7d1a342041227b58,23038943309118278471779210
-189900,0,1738137602,-193376,0x11950d141ecb863f01007add7d1a342041227b58,23038943309118278471779210
-189840,3036501465940038551381661,1738137602,-193376,0x11950d141ecb863f01007add7d1a342041227b58,26075444775058317023160871
-189780,1300255778903501447687926,1738137602,-193376,0x11950d141ecb863f01007add7d1a342041227b58,27375700553961818470848797
-189720,-20622327102739274498467,1738137602,-193376,0x11950d141ecb863f01007add7d1a342041227b58,27355078226859079196350330
-189660,0,1738137602,-193376,0x11950d141ecb863f01007add7d1a342041227b58,27355078226859079196350330
-189600,-501607366393074780073,1738137602,-193376,0x11950d141ecb863f01007add7d1a342041227b58,27354576619492686121570257
-189540,-253420138235468817328617,1738137602,-193376,0x11950d141ecb863f01007add7d1a342041227b58,27101156481257217304241640
-189480,-62259288683811663044,1738137602,-193376,0x11950d141ecb863f01007add7d1a342041227b58,27101094221968533492578596
-189420,0,1738137602,-193376,0x11950d141ecb863f01007add7d1a342041227b58,27101094221968533492578596
-189360,-4001262554561687191340573,1738137602,-193376,0x11950d141ecb863f01007add7d1a342041227b58,23099831667406846301238023
-189300,-18662382261585576051603,1738137602,-193376,0x11950d141ecb863f01007add7d1a342041227b58,23081169285145260725186420
-189240,192632377690819288071015,1738137602,-193376,0x11950d141ecb863f01007add7d1a342041227b58,23273801662836080013257435
-189180,37943784569581741643039,1738137602,-193376,0x11950d141ecb863f01007add7d1a342041227b58,23311745447405661754900474
-189120,-789046158060439429585,1738137602,-193376,0x11950d141ecb863f01007add7d1a342041227b58,23310956401247601315470889
-189060,0,1738137602,-193376,0x11950d141ecb863f01007add7d1a342041227b58,23310956401247601315470889
-189000,0,1738137602,-193376,0x11950d141ecb863f01007add7d1a342041227b58,23310956401247601315470889
-188940,-3426987125066477655378231,1738137602,-193376,0x11950d141ecb863f01007add7d1a342041227b58,19883969276181123660092658
-188880,-1674636575363719037283577,1738137602,-193376,0x11950d141ecb863f01007add7d1a342041227b58,18209332700817404622809081
-188820,-60899483065008433395,1738137602,-193376,0x11950d141ecb863f01007add7d1a342041227b58,18209271801334339614375686
-188760,0,1738137602,-193376,0x11950d141ecb863f01007add7d1a342041227b58,18209271801334339614375686
-188700,9965799474798417668352012,1738137602,-193376,0x11950d141ecb863f01007add7d1a342041227b58,28175071276132757282727698
-188640,13975852118276970534636963,1738137602,-193376,0x11950d141ecb863f01007add7d1a342041227b58,42150923394409727817364661
-188580,-463838266346028662693,1738137602,-193376,0x11950d141ecb863f01007add7d1a342041227b58,42150459556143381788701968
-188520,-98393877621061641451456,1738137602,-193376,0x11950d141ecb863f01007add7d1a342041227b58,42052065678522320147250512
-188460,17238426973250482045724692,1738137602,-193376,0x11950d141ecb863f01007add7d1a342041227b58,59290492651772802192975204
-188400,-413519713996930872746,1738137602,-193376,0x11950d141ecb863f01007add7d1a342041227b58,59290079132058805262102458
-188340,0,1738137602,-193376,0x11950d141ecb863f01007add7d1a342041227b58,59290079132058805262102458
-188280,-327043882717967630521444,1738137602,-193376,0x11950d141ecb863f01007add7d1a342041227b58,58963035249340837631581014
-188220,-10401623332803165722097577,1738137602,-193376,0x11950d141ecb863f01007add7d1a342041227b58,48561411916537671909483437
-188160,0,1738137602,-193376,0x11950d141ecb863f01007add7d1a342041227b58,48561411916537671909483437
-188100,-333992817886284442823020,1738137602,-193376,0x11950d141ecb863f01007add7d1a342041227b58,48227419098651387466660417
-188040,-88864984486729911003858,1738137602,-193376,0x11950d141ecb863f01007add7d1a342041227b58,48138554114164657555656559
-187980,7876415399352564637270,1738137602,-193376,0x11950d141ecb863f01007add7d1a342041227b58,48146430529564010120293829
-187920,-301434610044533976953477,1738137602,-193376,0x11950d141ecb863f01007add7d1a342041227b58,47844995919519476143340352
-187860,0,1738137602,-193376,0x11950d141ecb863f01007add7d1a342041227b58,47844995919519476143340352
-187800,-326734431972368151995,1738137602,-193376,0x11950d141ecb863f01007add7d1a342041227b58,47844669185087503775188357
-187740,-49982526615727861877274,1738137602,-193376,0x11950d141ecb863f01007add7d1a342041227b58,47794686658471775913311083
-187680,-166151914670569855357702,1738137602,-193376,0x11950d141ecb863f01007add7d1a342041227b58,47628534743801206057953381
-187620,-28982256478810693392776,1738137602,-193376,0x11950d141ecb863f01007add7d1a342041227b58,47599552487322395364560605
-187560,-331796326248291630909068,1738137602,-193376,0x11950d141ecb863f01007add7d1a342041227b58,47267756161074103733651537
-187500,0,1738137602,-193376,0x11950d141ecb863f01007add7d1a342041227b58,47267756161074103733651537
-187440,-13955313444566196224978,1738137602,-193376,0x11950d141ecb863f01007add7d1a342041227b58,47253800847629537537426559
-187380,-3303084546710410952314679,1738137602,-193376,0x11950d141ecb863f01007add7d1a342041227b58,43950716300919126585111880
-187320,27889041288500365618387045,1738137602,-193376,0x11950d141ecb863f01007add7d1a342041227b58,71839757589419492203498925
-187260,-19120451127086134302161,1738137602,-193376,0x11950d141ecb863f01007add7d1a342041227b58,71820637138292406069196764
-187200,-1231303399001245366640,1738137602,-193376,0x11950d141ecb863f01007add7d1a342041227b58,71819405834893404823830124
-187140,-20130195869250868792876,1738137602,-193376,0x11950d141ecb863f01007add7d1a342041227b58,71799275639024153955037248
-187080,0,1738137602,-193376,0x11950d141ecb863f01007add7d1a342041227b58,71799275639024153955037248
-187020,-3831249945282541279957,1738137602,-193376,0x11950d141ecb863f01007add7d1a342041227b58,71795444389078871413757291
-186960,-15583645565773559637972,1738137602,-193376,0x11950d141ecb863f01007add7d1a342041227b58,71779860743513097854119319
-186900,-176691301400518566134161,1738137602,-193376,0x11950d141ecb863f01007add7d1a342041227b58,71603169442112579287985158
-186840,-73687928028236324339009,1738137602,-193376,0x11950d141ecb863f01007add7d1a342041227b58,71529481514084342963646149
-186780,-272848819395587982103393,1738137602,-193376,0x11950d141ecb863f01007add7d1a342041227b58,71256632694688754981542756
-186720,-57373776543863158028142,1738137602,-193376,0x11950d141ecb863f01007add7d1a342041227b58,71199258918144891823514614
-186660,0,1738137602,-193376,0x11950d141ecb863f01007add7d1a342041227b58,71199258918144891823514614
-186600,-1283174079455510565774,1738137602,-193376,0x11950d141ecb863f01007add7d1a342041227b58,71197975744065436312948840
-186540,0,1738137602,-193376,0x11950d141ecb863f01007add7d1a342041227b58,71197975744065436312948840
-186480,-9997590201021590965455,1738137602,-193376,0x11950d141ecb863f01007add7d1a342041227b58,71187978153864414721983385
-186420,0,1738137602,-193376,0x11950d141ecb863f01007add7d1a342041227b58,71187978153864414721983385
-186360,-53663911970756528422,1738137602,-193376,0x11950d141ecb863f01007add7d1a342041227b58,71187924489952443965454963
-186300,-24747087736664435729645,1738137602,-193376,0x11950d141ecb863f01007add7d1a342041227b58,71163177402215779529725318
-186240,-11339610776293561125702,1738137602,-193376,0x11950d141ecb863f01007add7d1a342041227b58,71151837791439485968599616
-186180,0,1738137602,-193376,0x11950d141ecb863f01007add7d1a342041227b58,71151837791439485968599616
-186120,-38193003199805991704393,1738137602,-193376,0x11950d141ecb863f01007add7d1a342041227b58,71113644788239679976895223
-186060,-13999582904838919013509,1738137602,-193376,0x11950d141ecb863f01007add7d1a342041227b58,71099645205334841057881714
-186000,-20123481786293876718145,1738137602,-193376,0x11950d141ecb863f01007add7d1a342041227b58,71079521723548547181163569
-185940,0,1738137602,-193376,0x11950d141ecb863f01007add7d1a342041227b58,71079521723548547181163569
-185880,0,1738137602,-193376,0x11950d141ecb863f01007add7d1a342041227b58,71079521723548547181163569
-185820,0,1738137602,-193376,0x11950d141ecb863f01007add7d1a342041227b58,71079521723548547181163569
-185760,0,1738137602,-193376,0x11950d141ecb863f01007add7d1a342041227b58,71079521723548547181163569
-185700,0,1738137602,-193376,0x11950d141ecb863f01007add7d1a342041227b58,71079521723548547181163569
-185640,0,1738137602,-193376,0x11950d141ecb863f01007add7d1a342041227b58,71079521723548547181163569
-185580,-40551702787671419986941,1738137602,-193376,0x11950d141ecb863f01007add7d1a342041227b58,71038970020760875761176628
-185520,0,1738137602,-193376,0x11950d141ecb863f01007add7d1a342041227b58,71038970020760875761176628
-185460,-1818462871544732993114,1738137602,-193376,0x11950d141ecb863f01007add7d1a342041227b58,71037151557889331028183514
-185400,0,1738137602,-193376,0x11950d141ecb863f01007add7d1a342041227b58,71037151557889331028183514
-185340,0,1738137602,-193376,0x11950d141ecb863f01007add7d1a342041227b58,71037151557889331028183514
-185280,-130169630979365171944765,1738137602,-193376,0x11950d141ecb863f01007add7d1a342041227b58,70906981926909965856238749
-185160,-347257576436715415667848,1738137602,-193376,0x11950d141ecb863f01007add7d1a342041227b58,70559724350473250440570901
-185040,0,1738137602,-193376,0x11950d141ecb863f01007add7d1a342041227b58,70559724350473250440570901
-184920,0,1738137602,-193376,0x11950d141ecb863f01007add7d1a342041227b58,70559724350473250440570901
-184860,-36491781601450744799660,1738137602,-193376,0x11950d141ecb863f01007add7d1a342041227b58,70523232568871799695771241
-184800,-6758998390215052224812,1738137602,-193376,0x11950d141ecb863f01007add7d1a342041227b58,70516473570481584643546429
-184620,0,1738137602,-193376,0x11950d141ecb863f01007add7d1a342041227b58,70516473570481584643546429
-184560,-6934013473040768824948,1738137602,-193376,0x11950d141ecb863f01007add7d1a342041227b58,70509539557008543874721481
-184500,-33257283855356042791021627,1738137602,-193376,0x11950d141ecb863f01007add7d1a342041227b58,37252255701652501083699854
-184440,0,1738137602,-193376,0x11950d141ecb863f01007add7d1a342041227b58,37252255701652501083699854
-184320,-87753039334419382307483,1738137602,-193376,0x11950d141ecb863f01007add7d1a342041227b58,37164502662318081701392371
-184260,-26900698534396786941665,1738137602,-193376,0x11950d141ecb863f01007add7d1a342041227b58,37137601963783684914450706
-184200,0,1738137602,-193376,0x11950d141ecb863f01007add7d1a342041227b58,37137601963783684914450706
-184140,0,1738137602,-193376,0x11950d141ecb863f01007add7d1a342041227b58,37137601963783684914450706
-184080,0,1738137602,-193376,0x11950d141ecb863f01007add7d1a342041227b58,37137601963783684914450706
-184020,0,1738137602,-193376,0x11950d141ecb863f01007add7d1a342041227b58,37137601963783684914450706
-183780,-4975937536857495648385,1738137602,-193376,0x11950d141ecb863f01007add7d1a342041227b58,37132626026246827418802321
-183720,0,1738137602,-193376,0x11950d141ecb863f01007add7d1a342041227b58,37132626026246827418802321
-183600,0,1738137602,-193376,0x11950d141ecb863f01007add7d1a342041227b58,37132626026246827418802321
-183480,0,1738137602,-193376,0x11950d141ecb863f01007add7d1a342041227b58,37132626026246827418802321
-183420,0,1738137602,-193376,0x11950d141ecb863f01007add7d1a342041227b58,37132626026246827418802321
-183360,0,1738137602,-193376,0x11950d141ecb863f01007add7d1a342041227b58,37132626026246827418802321
-183300,0,1738137602,-193376,0x11950d141ecb863f01007add7d1a342041227b58,37132626026246827418802321
-183240,-453253939105757921872220,1738137602,-193376,0x11950d141ecb863f01007add7d1a342041227b58,36679372087141069496930101
-183180,0,1738137602,-193376,0x11950d141ecb863f01007add7d1a342041227b58,36679372087141069496930101
-183120,0,1738137602,-193376,0x11950d141ecb863f01007add7d1a342041227b58,36679372087141069496930101
-183060,-36296041052228705036028,1738137602,-193376,0x11950d141ecb863f01007add7d1a342041227b58,36643076046088840791894073
-183000,-4180763361550284018500,1738137602,-193376,0x11950d141ecb863f01007add7d1a342041227b58,36638895282727290507875573
-182940,-25457271057872515496911,1738137602,-193376,0x11950d141ecb863f01007add7d1a342041227b58,36613438011669417992378662
-182880,0,1738137602,-193376,0x11950d141ecb863f01007add7d1a342041227b58,36613438011669417992378662
-182820,-302230975916907726286126,1738137602,-193376,0x11950d141ecb863f01007add7d1a342041227b58,36311207035752510266092536
-182760,-178581889094080796777624,1738137602,-193376,0x11950d141ecb863f01007add7d1a342041227b58,36132625146658429469314912
-182700,0,1738137602,-193376,0x11950d141ecb863f01007add7d1a342041227b58,36132625146658429469314912
-182640,0,1738137602,-193376,0x11950d141ecb863f01007add7d1a342041227b58,36132625146658429469314912
-182580,-9028337656777113283801,1738137602,-193376,0x11950d141ecb863f01007add7d1a342041227b58,36123596809001652356031111
-182520,0,1738137602,-193376,0x11950d141ecb863f01007add7d1a342041227b58,36123596809001652356031111
-182460,0,1738137602,-193376,0x11950d141ecb863f01007add7d1a342041227b58,36123596809001652356031111
-182340,-28142707462689774952583977,1738137602,-193376,0x11950d141ecb863f01007add7d1a342041227b58,7980889346311877403447134
-182280,-2354512651103242208639032,1738137602,-193376,0x11950d141ecb863f01007add7d1a342041227b58,5626376695208635194808102
-182220,-99042740244294189146265,1738137602,-193376,0x11950d141ecb863f01007add7d1a342041227b58,5527333954964341005661837
-182100,0,1738137602,-193376,0x11950d141ecb863f01007add7d1a342041227b58,5527333954964341005661837
-182040,0,1738137602,-193376,0x11950d141ecb863f01007add7d1a342041227b58,5527333954964341005661837
-181980,0,1738137602,-193376,0x11950d141ecb863f01007add7d1a342041227b58,5527333954964341005661837
-181860,-932991741287765435678,1738137602,-193376,0x11950d141ecb863f01007add7d1a342041227b58,5526400963223053240226159
-181800,0,1738137602,-193376,0x11950d141ecb863f01007add7d1a342041227b58,5526400963223053240226159
-181740,-3277197959372061,1738137602,-193376,0x11950d141ecb863f01007add7d1a342041227b58,5526400959945855280854098
-181620,0,1738137602,-193376,0x11950d141ecb863f01007add7d1a342041227b58,5526400959945855280854098
-181560,0,1738137602,-193376,0x11950d141ecb863f01007add7d1a342041227b58,5526400959945855280854098
-181500,0,1738137602,-193376,0x11950d141ecb863f01007add7d1a342041227b58,5526400959945855280854098
-181440,0,1738137602,-193376,0x11950d141ecb863f01007add7d1a342041227b58,5526400959945855280854098
-181380,0,1738137602,-193376,0x11950d141ecb863f01007add7d1a342041227b58,5526400959945855280854098
-181320,0,1738137602,-193376,0x11950d141ecb863f01007add7d1a342041227b58,5526400959945855280854098
-181080,-87703550921790136680269,1738137602,-193376,0x11950d141ecb863f01007add7d1a342041227b58,5438697409024065144173829
-181020,0,1738137602,-193376,0x11950d141ecb863f01007add7d1a342041227b58,5438697409024065144173829
-180960,-118754559977395853252,1738137602,-193376,0x11950d141ecb863f01007add7d1a342041227b58,5438578654464087748320577
-180840,0,1738137602,-193376,0x11950d141ecb863f01007add7d1a342041227b58,5438578654464087748320577
-180720,-22456521408846213881014,1738137602,-193376,0x11950d141ecb863f01007add7d1a342041227b58,5416122133055241534439563
-180660,0,1738137602,-193376,0x11950d141ecb863f01007add7d1a342041227b58,5416122133055241534439563
-180600,0,1738137602,-193376,0x11950d141ecb863f01007add7d1a342041227b58,5416122133055241534439563
-180540,0,1738137602,-193376,0x11950d141ecb863f01007add7d1a342041227b58,5416122133055241534439563
-180360,0,1738137602,-193376,0x11950d141ecb863f01007add7d1a342041227b58,5416122133055241534439563
-180240,0,1738137602,-193376,0x11950d141ecb863f01007add7d1a342041227b58,5416122133055241534439563
-180180,-254663598755165665461,1738137602,-193376,0x11950d141ecb863f01007add7d1a342041227b58,5415867469456486368774102
-180000,0,1738137602,-193376,0x11950d141ecb863f01007add7d1a342041227b58,5415867469456486368774102
-179940,-24951377110212659688892,1738137602,-193376,0x11950d141ecb863f01007add7d1a342041227b58,5390916092346273709085210
-179640,0,1738137602,-193376,0x11950d141ecb863f01007add7d1a342041227b58,5390916092346273709085210
-179460,0,1738137602,-193376,0x11950d141ecb863f01007add7d1a342041227b58,5390916092346273709085210
-179400,0,1738137602,-193376,0x11950d141ecb863f01007add7d1a342041227b58,5390916092346273709085210
-179100,-297094660863797458001,1738137602,-193376,0x11950d141ecb863f01007add7d1a342041227b58,5390618997685409911627209
-178980,-881018412162472662855,1738137602,-193376,0x11950d141ecb863f01007add7d1a342041227b58,5389737979273247438964354
-178920,-28325807021510196152675,1738137602,-193376,0x11950d141ecb863f01007add7d1a342041227b58,5361412172251737242811679
-178740,0,1738137602,-193376,0x11950d141ecb863f01007add7d1a342041227b58,5361412172251737242811679
-178620,0,1738137602,-193376,0x11950d141ecb863f01007add7d1a342041227b58,5361412172251737242811679
-178320,0,1738137602,-193376,0x11950d141ecb863f01007add7d1a342041227b58,5361412172251737242811679
-178260,0,1738137602,-193376,0x11950d141ecb863f01007add7d1a342041227b58,5361412172251737242811679
-178020,0,1738137602,-193376,0x11950d141ecb863f01007add7d1a342041227b58,5361412172251737242811679
-177780,0,1738137602,-193376,0x11950d141ecb863f01007add7d1a342041227b58,5361412172251737242811679
-177600,0,1738137602,-193376,0x11950d141ecb863f01007add7d1a342041227b58,5361412172251737242811679
-177420,0,1738137602,-193376,0x11950d141ecb863f01007add7d1a342041227b58,5361412172251737242811679
-177300,0,1738137602,-193376,0x11950d141ecb863f01007add7d1a342041227b58,5361412172251737242811679
-177240,-71772161002636638287508,1738137602,-193376,0x11950d141ecb863f01007add7d1a342041227b58,5289640011249100604524171
-177120,-21341929599757231554329,1738137602,-193376,0x11950d141ecb863f01007add7d1a342041227b58,5268298081649343372969842
-177060,0,1738137602,-193376,0x11950d141ecb863f01007add7d1a342041227b58,5268298081649343372969842
-177000,-33669396139931118668394,1738137602,-193376,0x11950d141ecb863f01007add7d1a342041227b58,5234628685509412254301448
-176580,0,1738137602,-193376,0x11950d141ecb863f01007add7d1a342041227b58,5234628685509412254301448
-176400,0,1738137602,-193376,0x11950d141ecb863f01007add7d1a342041227b58,5234628685509412254301448
-176220,0,1738137602,-193376,0x11950d141ecb863f01007add7d1a342041227b58,5234628685509412254301448
-176040,-367645042941061526202421,1738137602,-193376,0x11950d141ecb863f01007add7d1a342041227b58,4866983642568350728099027
-175980,0,1738137602,-193376,0x11950d141ecb863f01007add7d1a342041227b58,4866983642568350728099027
-175800,-8267760457056902807888,1738137602,-193376,0x11950d141ecb863f01007add7d1a342041227b58,4858715882111293825291139
-175560,0,1738137602,-193376,0x11950d141ecb863f01007add7d1a342041227b58,4858715882111293825291139
-175440,0,1738137602,-193376,0x11950d141ecb863f01007add7d1a342041227b58,4858715882111293825291139
-175380,0,1738137602,-193376,0x11950d141ecb863f01007add7d1a342041227b58,4858715882111293825291139
-175320,-123563413982697602187476,1738137602,-193376,0x11950d141ecb863f01007add7d1a342041227b58,4735152468128596223103663
-175140,-1194611637160682749932,1738137602,-193376,0x11950d141ecb863f01007add7d1a342041227b58,4733957856491435540353731
-175080,0,1738137602,-193376,0x11950d141ecb863f01007add7d1a342041227b58,4733957856491435540353731
-175020,0,1738137602,-193376,0x11950d141ecb863f01007add7d1a342041227b58,4733957856491435540353731
-174480,0,1738137602,-193376,0x11950d141ecb863f01007add7d1a342041227b58,4733957856491435540353731
-174300,0,1738137602,-193376,0x11950d141ecb863f01007add7d1a342041227b58,4733957856491435540353731
-174060,0,1738137602,-193376,0x11950d141ecb863f01007add7d1a342041227b58,4733957856491435540353731
-173940,0,1738137602,-193376,0x11950d141ecb863f01007add7d1a342041227b58,4733957856491435540353731
-173760,0,1738137602,-193376,0x11950d141ecb863f01007add7d1a342041227b58,4733957856491435540353731
-173700,-485125111750305859761,1738137602,-193376,0x11950d141ecb863f01007add7d1a342041227b58,4733472731379685234493970
-173400,0,1738137602,-193376,0x11950d141ecb863f01007add7d1a342041227b58,4733472731379685234493970
-173280,0,1738137602,-193376,0x11950d141ecb863f01007add7d1a342041227b58,4733472731379685234493970
-173220,-1454539757803833194912867,1738137602,-193376,0x11950d141ecb863f01007add7d1a342041227b58,3278932973575852039581103
-173160,0,1738137602,-193376,0x11950d141ecb863f01007add7d1a342041227b58,3278932973575852039581103
-173040,0,1738137602,-193376,0x11950d141ecb863f01007add7d1a342041227b58,3278932973575852039581103
-172560,0,1738137602,-193376,0x11950d141ecb863f01007add7d1a342041227b58,3278932973575852039581103
-172500,0,1738137602,-193376,0x11950d141ecb863f01007add7d1a342041227b58,3278932973575852039581103
-172440,0,1738137602,-193376,0x11950d141ecb863f01007add7d1a342041227b58,3278932973575852039581103
-172200,0,1738137602,-193376,0x11950d141ecb863f01007add7d1a342041227b58,3278932973575852039581103
-171840,-169155553189086528137272,1738137602,-193376,0x11950d141ecb863f01007add7d1a342041227b58,3109777420386765511443831
-171780,0,1738137602,-193376,0x11950d141ecb863f01007add7d1a342041227b58,3109777420386765511443831
-171720,0,1738137602,-193376,0x11950d141ecb863f01007add7d1a342041227b58,3109777420386765511443831
-171600,0,1738137602,-193376,0x11950d141ecb863f01007add7d1a342041227b58,3109777420386765511443831
-171540,0,1738137602,-193376,0x11950d141ecb863f01007add7d1a342041227b58,3109777420386765511443831
-171480,0,1738137602,-193376,0x11950d141ecb863f01007add7d1a342041227b58,3109777420386765511443831
-170820,0,1738137602,-193376,0x11950d141ecb863f01007add7d1a342041227b58,3109777420386765511443831
-170400,0,1738137602,-193376,0x11950d141ecb863f01007add7d1a342041227b58,3109777420386765511443831
-170340,0,1738137602,-193376,0x11950d141ecb863f01007add7d1a342041227b58,3109777420386765511443831
-170220,0,1738137602,-193376,0x11950d141ecb863f01007add7d1a342041227b58,3109777420386765511443831
-169740,0,1738137602,-193376,0x11950d141ecb863f01007add7d1a342041227b58,3109777420386765511443831
-169620,0,1738137602,-193376,0x11950d141ecb863f01007add7d1a342041227b58,3109777420386765511443831
-169440,-192632377690819288071015,1738137602,-193376,0x11950d141ecb863f01007add7d1a342041227b58,2917145042695946223372816
-168900,0,1738137602,-193376,0x11950d141ecb863f01007add7d1a342041227b58,2917145042695946223372816
-168480,0,1738137602,-193376,0x11950d141ecb863f01007add7d1a342041227b58,2917145042695946223372816
-168120,-13208236870057373572861,1738137602,-193376,0x11950d141ecb863f01007add7d1a342041227b58,2903936805825888849799955
-168060,0,1738137602,-193376,0x11950d141ecb863f01007add7d1a342041227b58,2903936805825888849799955
-167940,-5918155103981971072012,1738137602,-193376,0x11950d141ecb863f01007add7d1a342041227b58,2898018650721906878727943
-165240,-715927214815753646,1738137602,-193376,0x11950d141ecb863f01007add7d1a342041227b58,2898017934794692062974297
-164820,0,1738137602,-193376,0x11950d141ecb863f01007add7d1a342041227b58,2898017934794692062974297
-164760,-8957685796375272667863,1738137602,-193376,0x11950d141ecb863f01007add7d1a342041227b58,2889060248998316790306434
-164520,0,1738137602,-193376,0x11950d141ecb863f01007add7d1a342041227b58,2889060248998316790306434
-164160,0,1738137602,-193376,0x11950d141ecb863f01007add7d1a342041227b58,2889060248998316790306434
-163440,0,1738137602,-193376,0x11950d141ecb863f01007add7d1a342041227b58,2889060248998316790306434
-163260,0,1738137602,-193376,0x11950d141ecb863f01007add7d1a342041227b58,2889060248998316790306434
-162720,0,1738137602,-193376,0x11950d141ecb863f01007add7d1a342041227b58,2889060248998316790306434
-162600,0,1738137602,-193376,0x11950d141ecb863f01007add7d1a342041227b58,2889060248998316790306434
-162240,-1075723225412102089918930,1738137602,-193376,0x11950d141ecb863f01007add7d1a342041227b58,1813337023586214700387504
-162060,0,1738137602,-193376,0x11950d141ecb863f01007add7d1a342041227b58,1813337023586214700387504
-161640,0,1738137602,-193376,0x11950d141ecb863f01007add7d1a342041227b58,1813337023586214700387504
-161280,-780163428890861999547,1738137602,-193376,0x11950d141ecb863f01007add7d1a342041227b58,1812556860157323838387957
-161220,0,1738137602,-193376,0x11950d141ecb863f01007add7d1a342041227b58,1812556860157323838387957
-161160,0,1738137602,-193376,0x11950d141ecb863f01007add7d1a342041227b58,1812556860157323838387957
-160380,0,1738137602,-193376,0x11950d141ecb863f01007add7d1a342041227b58,1812556860157323838387957
-159600,-1536650405541888226903064,1738137602,-193376,0x11950d141ecb863f01007add7d1a342041227b58,275906454615435611484893
-158940,0,1738137602,-193376,0x11950d141ecb863f01007add7d1a342041227b58,275906454615435611484893
-158820,0,1738137602,-193376,0x11950d141ecb863f01007add7d1a342041227b58,275906454615435611484893
-158700,0,1738137602,-193376,0x11950d141ecb863f01007add7d1a342041227b58,275906454615435611484893
-158580,0,1738137602,-193376,0x11950d141ecb863f01007add7d1a342041227b58,275906454615435611484893
-157620,0,1738137602,-193376,0x11950d141ecb863f01007add7d1a342041227b58,275906454615435611484893
-156660,0,1738137602,-193376,0x11950d141ecb863f01007add7d1a342041227b58,275906454615435611484893
-153900,0,1738137602,-193376,0x11950d141ecb863f01007add7d1a342041227b58,275906454615435611484893
-153720,0,1738137602,-193376,0x11950d141ecb863f01007add7d1a342041227b58,275906454615435611484893
-152760,0,1738137602,-193376,0x11950d141ecb863f01007add7d1a342041227b58,275906454615435611484893
-152580,-50854312550244627253831,1738137602,-193376,0x11950d141ecb863f01007add7d1a342041227b58,225052142065190984231062
-151440,0,1738137602,-193376,0x11950d141ecb863f01007add7d1a342041227b58,225052142065190984231062
-150420,0,1738137602,-193376,0x11950d141ecb863f01007add7d1a342041227b58,225052142065190984231062
-150060,0,1738137602,-193376,0x11950d141ecb863f01007add7d1a342041227b58,225052142065190984231062
-149280,0,1738137602,-193376,0x11950d141ecb863f01007add7d1a342041227b58,225052142065190984231062
-145020,0,1738137602,-193376,0x11950d141ecb863f01007add7d1a342041227b58,225052142065190984231062
-139620,0,1738137602,-193376,0x11950d141ecb863f01007add7d1a342041227b58,225052142065190984231062
-139560,0,1738137602,-193376,0x11950d141ecb863f01007add7d1a342041227b58,225052142065190984231062
-138180,37072570147827454075296,1738137602,-193376,0x11950d141ecb863f01007add7d1a342041227b58,262124712213018438306358
-138120,0,1738137602,-193376,0x11950d141ecb863f01007add7d1a342041227b58,262124712213018438306358
-133560,0,1738137602,-193376,0x11950d141ecb863f01007add7d1a342041227b58,262124712213018438306358
-130920,0,1738137602,-193376,0x11950d141ecb863f01007add7d1a342041227b58,262124712213018438306358
-126660,0,1738137602,-193376,0x11950d141ecb863f01007add7d1a342041227b58,262124712213018438306358
-123600,0,1738137602,-193376,0x11950d141ecb863f01007add7d1a342041227b58,262124712213018438306358
-119640,0,1738137602,-193376,0x11950d141ecb863f01007add7d1a342041227b58,262124712213018438306358
-115980,0,1738137602,-193376,0x11950d141ecb863f01007add7d1a342041227b58,262124712213018438306358
-115200,0,1738137602,-193376,0x11950d141ecb863f01007add7d1a342041227b58,262124712213018438306358
-115140,0,1738137602,-193376,0x11950d141ecb863f01007add7d1a342041227b58,262124712213018438306358
-114600,0,1738137602,-193376,0x11950d141ecb863f01007add7d1a342041227b58,262124712213018438306358
-113880,0,1738137602,-193376,0x11950d141ecb863f01007add7d1a342041227b58,262124712213018438306358
-108180,0,1738137602,-193376,0x11950d141ecb863f01007add7d1a342041227b58,262124712213018438306358
-99060,0,1738137602,-193376,0x11950d141ecb863f01007add7d1a342041227b58,262124712213018438306358
-96180,0,1738137602,-193376,0x11950d141ecb863f01007add7d1a342041227b58,262124712213018438306358
-92220,-43406090490597075554920,1738137602,-193376,0x11950d141ecb863f01007add7d1a342041227b58,218718621722421362751438
-92160,0,1738137602,-193376,0x11950d141ecb863f01007add7d1a342041227b58,218718621722421362751438
-85200,0,1738137602,-193376,0x11950d141ecb863f01007add7d1a342041227b58,218718621722421362751438
-55620,0,1738137602,-193376,0x11950d141ecb863f01007add7d1a342041227b58,218718621722421362751438
-54600,0,1738137602,-193376,0x11950d141ecb863f01007add7d1a342041227b58,218718621722421362751438
-21840,0,1738137602,-193376,0x11950d141ecb863f01007add7d1a342041227b58,218718621722421362751438
-4980,0,1738137602,-193376,0x11950d141ecb863f01007add7d1a342041227b58,218718621722421362751438
-2580,0,1738137602,-193376,0x11950d141ecb863f01007add7d1a342041227b58,218718621722421362751438
0,0,1738137602,-193376,0x11950d141ecb863f01007add7d1a342041227b58,218718621722421362751438
4980,0,1738137602,-193376,0x11950d141ecb863f01007add7d1a342041227b58,218718621722421362751438
21120,19260886200916840266341222,1738137602,-193376,0x11950d141ecb863f01007add7d1a342041227b58,19479604822639261629092660
65400,0,1738137602,-193376,0x11950d141ecb863f01007add7d1a342041227b58,19479604822639261629092660
67980,0,1738137602,-193376,0x11950d141ecb863f01007add7d1a342041227b58,19479604822639261629092660
69060,0,1738137602,-193376,0x11950d141ecb863f01007add7d1a342041227b58,19479604822639261629092660
75540,-19260886200916840266341222,1738137602,-193376,0x11950d141ecb863f01007add7d1a342041227b58,218718621722421362751438
101280,0,1738137602,-193376,0x11950d141ecb863f01007add7d1a342041227b58,218718621722421362751438
110460,0,1738137602,-193376,0x11950d141ecb863f01007add7d1a342041227b58,218718621722421362751438
131220,0,1738137602,-193376,0x11950d141ecb863f01007add7d1a342041227b58,218718621722421362751438
133560,0,1738137602,-193376,0x11950d141ecb863f01007add7d1a342041227b58,218718621722421362751438
138060,0,1738137602,-193376,0x11950d141ecb863f01007add7d1a342041227b58,218718621722421362751438
138180,-22953155773525577641843,1738137602,-193376,0x11950d141ecb863f01007add7d1a342041227b58,195765465948895785109595
138360,0,1738137602,-193376,0x11950d141ecb863f01007add7d1a342041227b58,195765465948895785109595
142860,0,1738137602,-193376,0x11950d141ecb863f01007add7d1a342041227b58,195765465948895785109595
150240,0,1738137602,-193376,0x11950d141ecb863f01007add7d1a342041227b58,195765465948895785109595
187560,0,1738137602,-193376,0x11950d141ecb863f01007add7d1a342041227b58,195765465948895785109595
192060,0,1738137602,-193376,0x11950d141ecb863f01007add7d1a342041227b58,195765465948895785109595
193500,0,1738137602,-193376,0x11950d141ecb863f01007add7d1a342041227b58,195765465948895785109595
194040,0,1738137602,-193376,0x11950d141ecb863f01007add7d1a342041227b58,195765465948895785109595
198840,0,1738137602,-193376,0x11950d141ecb863f01007add7d1a342041227b58,195765465948895785109595
201840,0,1738137602,-193376,0x11950d141ecb863f01007add7d1a342041227b58,195765465948895785109595
207240,0,1738137602,-193376,0x11950d141ecb863f01007add7d1a342041227b58,195765465948895785109595
209280,0,1738137602,-193376,0x11950d141ecb863f01007add7d1a342041227b58,195765465948895785109595
210840,0,1738137602,-193376,0x11950d141ecb863f01007add7d1a342041227b58,195765465948895785109595
460560,0,1738137602,-193376,0x11950d141ecb863f01007add7d1a342041227b58,195765465948895785109595
529560,0,1738137602,-193376,0x11950d141ecb863f01007add7d1a342041227b58,195765465948895785109595
529620,0,1738137602,-193376,0x11950d141ecb863f01007add7d1a342041227b58,195765465948895785109595
887220,-195765465948895785109595,1738137602,-193376,0x11950d141ecb863f01007add7d1a342041227b58,0
